Date,Open,High,Low,Close,Adj Close,Volume,Dividends,Stock Splits
2015-01-02 00:00:00-05:00,103.11000061035156,103.8499984741211,100.45999908447266,103.58999633789062,99.7233657836914,1321800,0.0,0.0
2015-01-05 00:00:00-05:00,102.68000030517578,102.81999969482422,90.9800033569336,92.25,88.8066635131836,5609000,0.0,0.0
2015-01-06 00:00:00-05:00,92.6500015258789,92.83999633789062,86.27999877929688,89.38999938964844,86.05339813232422,6799400,0.0,0.0
2015-01-07 00:00:00-05:00,90.47000122070312,90.9000015258789,87.76000213623047,88.58000183105469,85.27365112304688,3973500,0.0,0.0
2015-01-08 00:00:00-05:00,90.06999969482422,91.12999725341797,89.5,90.47000122070312,87.09309387207031,3246900,0.0,0.0
2015-01-09 00:00:00-05:00,90.56999969482422,91.5,88.16000366210938,89.29000091552734,85.95713806152344,2475900,0.0,0.0
2015-01-12 00:00:00-05:00,89.29000091552734,89.29000091552734,84.77999877929688,85.77999877929688,82.57815551757812,3570500,0.0,0.0
2015-01-13 00:00:00-05:00,87.2300033569336,88.4000015258789,84.08000183105469,85.80999755859375,82.60704040527344,2901100,0.0,0.0
2015-01-14 00:00:00-05:00,82.94999694824219,84.4800033569336,81.91000366210938,84.0,80.86459350585938,3916300,0.0,0.0
2015-01-15 00:00:00-05:00,84.29000091552734,85.44999694824219,83.08000183105469,83.11000061035156,80.0078353881836,3331000,0.0,0.0
2015-01-16 00:00:00-05:00,82.30000305175781,84.2300033569336,81.25,82.30999755859375,79.23767852783203,4509300,0.0,0.0
2015-01-20 00:00:00-05:00,82.41999816894531,84.83999633789062,81.29000091552734,84.47000122070312,81.31705474853516,3399800,0.0,0.0
2015-01-21 00:00:00-05:00,84.25,88.0999984741211,83.98999786376953,87.55999755859375,84.29171752929688,4274400,0.0,0.0
2015-01-22 00:00:00-05:00,91.62999725341797,92.08999633789062,82.11000061035156,86.02999877929688,82.81881713867188,7588100,0.0,0.0
2015-01-23 00:00:00-05:00,87.69000244140625,89.5,86.8499984741211,88.43000030517578,85.1292495727539,6580100,0.0,0.0
2015-01-26 00:00:00-05:00,88.8499984741211,91.54000091552734,88.7300033569336,90.45999908447266,87.08345031738281,4462900,0.0,0.0
2015-01-27 00:00:00-05:00,87.9000015258789,89.77999877929688,87.0,88.72000122070312,85.40843200683594,3230600,0.0,0.0
2015-01-28 00:00:00-05:00,89.0,89.44000244140625,86.01000213623047,86.26000213623047,83.04025268554688,4035000,0.0,0.0
2015-01-29 00:00:00-05:00,86.5,86.81999969482422,84.66000366210938,86.31999969482422,83.0979995727539,3160300,0.0,0.0
2015-01-30 00:00:00-05:00,85.37000274658203,85.9800033569336,82.69999694824219,82.8499984741211,79.75753021240234,4288500,0.0,0.0
2015-02-02 00:00:00-05:00,83.01000213623047,85.61000061035156,82.51000213623047,85.1500015258789,81.97166442871094,3084000,0.0,0.0
2015-02-03 00:00:00-05:00,85.87999725341797,90.31999969482422,85.66999816894531,90.08999633789062,86.7272720336914,3568300,0.0,0.0
2015-02-04 00:00:00-05:00,89.0,89.9800033569336,88.18000030517578,89.0,85.6779556274414,2760000,0.0,0.0
2015-02-05 00:00:00-05:00,89.55999755859375,90.68000030517578,88.5199966430664,89.0,85.6779556274414,1992000,0.0,0.0
2015-02-06 00:00:00-05:00,90.13999938964844,91.0,88.75,89.72000122070312,86.37109375,1631200,0.0,0.0
2015-02-09 00:00:00-05:00,89.13999938964844,91.44999694824219,89.13999938964844,90.97000122070312,87.5744400024414,2019300,0.0,0.0
2015-02-10 00:00:00-05:00,92.0,92.08000183105469,90.12000274658203,91.06999969482422,87.67070007324219,1463900,0.0,0.0
2015-02-11 00:00:00-05:00,90.77999877929688,90.88999938964844,89.18000030517578,90.05999755859375,86.69840240478516,1605700,0.0,0.0
2015-02-12 00:00:00-05:00,90.55000305175781,92.0,90.4000015258789,91.56999969482422,88.15204620361328,1283200,0.0,0.0
2015-02-13 00:00:00-05:00,91.98999786376953,93.91000366210938,91.80000305175781,92.9800033569336,89.5093994140625,1281500,0.0,0.0
2015-02-17 00:00:00-05:00,92.94000244140625,94.76000213623047,92.44999694824219,94.29000091552734,90.7705078125,1527400,0.0,0.0
2015-02-18 00:00:00-05:00,94.79000091552734,95.62999725341797,94.0999984741211,95.38999938964844,91.82945251464844,1586700,0.0,0.0
2015-02-19 00:00:00-05:00,93.80999755859375,95.45999908447266,93.02999877929688,94.80999755859375,91.27111053466797,1387100,0.0,0.0
2015-02-20 00:00:00-05:00,94.69000244140625,96.02999877929688,93.52999877929688,95.9800033569336,92.39743041992188,1198000,0.0,0.0
2015-02-23 00:00:00-05:00,95.43000030517578,95.9000015258789,94.01000213623047,94.54000091552734,91.01119232177734,1266000,0.0,0.0
2015-02-24 00:00:00-05:00,94.58999633789062,95.04000091552734,93.4800033569336,93.86000061035156,90.3565673828125,947100,0.0,0.0
2015-02-25 00:00:00-05:00,94.05999755859375,94.41000366210938,92.98999786376953,94.05999755859375,90.54908752441406,1054300,0.0,0.0
2015-02-26 00:00:00-05:00,94.36000061035156,94.83999633789062,93.4000015258789,94.26000213623047,90.74163055419922,1282400,0.0,0.0
2015-02-27 00:00:00-05:00,94.36000061035156,94.83999633789062,93.0,93.05999755859375,89.58641815185547,1418800,0.0,0.0
2015-03-02 00:00:00-05:00,95.01000213623047,95.2699966430664,93.48999786376953,94.66000366210938,91.12669372558594,1919000,0.0,0.0
2015-03-03 00:00:00-05:00,94.9000015258789,95.5,93.98999786376953,94.30999755859375,90.78974914550781,1195900,0.0,0.0
2015-03-04 00:00:00-05:00,94.0,94.0,91.19999694824219,92.33999633789062,88.8932876586914,1503800,0.0,0.0
2015-03-05 00:00:00-05:00,92.54000091552734,92.55000305175781,90.76000213623047,92.05999755859375,88.62373352050781,1340500,0.0,0.0
2015-03-06 00:00:00-05:00,90.75,92.45999908447266,90.25,90.5,87.1219711303711,1727000,0.0,0.0
2015-03-09 00:00:00-04:00,91.0,91.20999908447266,90.12999725341797,90.81999969482422,87.43002319335938,955600,0.0,0.0
2015-03-10 00:00:00-04:00,89.45999908447266,89.47000122070312,86.37999725341797,87.05000305175781,83.80075073242188,3164400,0.0,0.0
2015-03-11 00:00:00-04:00,87.08000183105469,88.20999908447266,86.5,87.61000061035156,84.33984375,1711000,0.0,0.0
2015-03-12 00:00:00-04:00,87.87000274658203,89.06999969482422,87.77999877929688,88.19999694824219,84.90782165527344,1375000,0.0,0.0
2015-03-13 00:00:00-04:00,87.48999786376953,87.97000122070312,86.0999984741211,87.80000305175781,84.52275848388672,1808900,0.0,0.0
2015-03-16 00:00:00-04:00,88.23999786376953,88.72000122070312,87.0,87.79000091552734,84.51313018798828,1567600,0.0,0.0
2015-03-17 00:00:00-04:00,87.76000213623047,88.7699966430664,87.19999694824219,87.33000183105469,84.07032012939453,1643400,0.0,0.0
2015-03-18 00:00:00-04:00,86.81999969482422,89.80000305175781,86.0,88.91999816894531,85.60095977783203,3346900,0.0,0.0
2015-03-19 00:00:00-04:00,88.8499984741211,88.8499984741211,87.66000366210938,88.4800033569336,85.1773910522461,1340500,0.0,0.0
2015-03-20 00:00:00-04:00,89.06999969482422,89.30000305175781,88.12999725341797,88.8499984741211,85.53357696533203,1894300,0.0,0.0
2015-03-23 00:00:00-04:00,88.66999816894531,88.91999816894531,88.06999969482422,88.69000244140625,85.37953186035156,1656000,0.0,0.0
2015-03-24 00:00:00-04:00,88.4800033569336,89.69000244140625,88.30000305175781,88.91000366210938,85.59133911132812,1399800,0.0,0.0
2015-03-25 00:00:00-04:00,89.80000305175781,90.5999984741211,89.16999816894531,89.16999816894531,85.84162902832031,2225900,0.0,0.0
2015-03-26 00:00:00-04:00,88.48999786376953,92.11000061035156,88.25,91.08999633789062,87.68994903564453,2922600,0.0,0.0
2015-03-27 00:00:00-04:00,90.5999984741211,90.91999816894531,89.04000091552734,90.05000305175781,86.68876647949219,2245300,0.0,0.0
2015-03-30 00:00:00-04:00,90.63999938964844,92.31999969482422,90.51000213623047,91.86000061035156,88.43122100830078,1230900,0.0,0.0
2015-03-31 00:00:00-04:00,91.12999725341797,92.1500015258789,90.2699966430664,91.16000366210938,87.7573471069336,1691900,0.0,0.0
2015-04-01 00:00:00-04:00,90.45999908447266,92.7300033569336,90.4000015258789,91.4800033569336,88.06541442871094,1578300,0.0,0.0
2015-04-02 00:00:00-04:00,91.37999725341797,92.3499984741211,90.62000274658203,90.6500015258789,87.26638793945312,1572700,0.0,0.0
2015-04-06 00:00:00-04:00,90.16000366210938,94.06999969482422,90.0,93.62999725341797,90.1351547241211,1582900,0.0,0.0
2015-04-07 00:00:00-04:00,93.61000061035156,94.19000244140625,92.75,92.94000244140625,89.47089385986328,985100,0.0,0.0
2015-04-08 00:00:00-04:00,92.97000122070312,94.13999938964844,91.73999786376953,93.16999816894531,89.69232940673828,1444600,0.0,0.0
2015-04-09 00:00:00-04:00,93.01000213623047,94.72000122070312,92.69999694824219,94.66000366210938,91.12669372558594,1423300,0.0,0.0
2015-04-10 00:00:00-04:00,95.23999786376953,96.05000305175781,94.55000305175781,95.95999908447266,92.37816619873047,1400800,0.0,0.0
2015-04-13 00:00:00-04:00,95.95999908447266,96.75,95.5999984741211,95.83000183105469,92.2530288696289,1432600,0.0,0.0
2015-04-14 00:00:00-04:00,95.54000091552734,97.66999816894531,95.5,97.56999969482422,93.92808532714844,1674600,0.0,0.0
2015-04-15 00:00:00-04:00,97.5999984741211,100.0199966430664,96.73999786376953,99.30000305175781,95.593505859375,1839400,0.0,0.0
2015-04-16 00:00:00-04:00,98.73999786376953,98.9800033569336,97.41000366210938,97.48999786376953,93.85106658935547,1598500,0.0,0.0
2015-04-17 00:00:00-04:00,96.66999816894531,97.11000061035156,95.26000213623047,96.45999908447266,92.85950469970703,2199600,0.0,0.0
2015-04-20 00:00:00-04:00,98.0,99.1500015258789,97.0,98.86000061035156,95.16992950439453,2368800,0.0,0.0
2015-04-21 00:00:00-04:00,99.25,99.43000030517578,96.87000274658203,97.9000015258789,94.24575805664062,2766200,0.0,0.0
2015-04-22 00:00:00-04:00,94.0,97.5199966430664,93.72000122070312,95.79000091552734,92.21450805664062,6819300,0.0,0.0
2015-04-23 00:00:00-04:00,96.05000305175781,99.0,96.0,98.52999877929688,94.85225677490234,2698200,0.0,0.0
2015-04-24 00:00:00-04:00,99.2699966430664,99.43000030517578,96.33999633789062,96.63999938964844,93.03278350830078,2093500,0.0,0.0
2015-04-27 00:00:00-04:00,96.9800033569336,97.87999725341797,96.02999877929688,96.5199966430664,92.91727447509766,1778300,0.0,0.0
2015-04-28 00:00:00-04:00,96.56999969482422,96.95999908447266,95.19999694824219,96.23999786376953,92.64772033691406,1533300,0.0,0.0
2015-04-29 00:00:00-04:00,96.02999877929688,98.48999786376953,95.91999816894531,97.76000213623047,94.11099243164062,1956800,0.0,0.0
2015-04-30 00:00:00-04:00,97.20999908447266,98.63999938964844,96.1500015258789,96.58000183105469,92.97502899169922,1424100,0.0,0.0
2015-05-01 00:00:00-04:00,96.87999725341797,99.54000091552734,96.87999725341797,99.2699966430664,95.56461334228516,1352600,0.0,0.0
2015-05-04 00:00:00-04:00,99.44999694824219,99.98999786376953,98.5,99.0199966430664,95.32393646240234,897700,0.0,0.0
2015-05-05 00:00:00-04:00,99.22000122070312,102.94000244140625,99.0999984741211,100.52999877929688,96.777587890625,2860800,0.0,0.0
2015-05-06 00:00:00-04:00,100.98999786376953,101.58999633789062,99.33999633789062,99.8499984741211,96.12297821044922,1873500,0.0,0.0
2015-05-07 00:00:00-04:00,99.51000213623047,100.05000305175781,98.0,99.30000305175781,95.593505859375,1511000,0.0,0.0
2015-05-08 00:00:00-04:00,100.45999908447266,101.5,99.9800033569336,101.41000366210938,97.624755859375,954400,0.0,0.0
2015-05-11 00:00:00-04:00,101.18000030517578,101.98999786376953,99.55999755859375,101.6500015258789,97.85578155517578,2077300,0.0,0.0
2015-05-12 00:00:00-04:00,100.69000244140625,103.4000015258789,100.16999816894531,102.9800033569336,99.13615417480469,2715300,0.0,0.0
2015-05-13 00:00:00-04:00,103.0,104.68000030517578,102.91000366210938,103.4800033569336,99.61750030517578,2138700,0.0,0.0
2015-05-14 00:00:00-04:00,103.83000183105469,104.23999786376953,102.47000122070312,103.05000305175781,99.20352935791016,981800,0.0,0.0
2015-05-15 00:00:00-04:00,102.91000366210938,103.4800033569336,100.9000015258789,103.16999816894531,99.31906127929688,1635800,0.0,0.0
2015-05-18 00:00:00-04:00,103.20999908447266,103.79000091552734,102.44999694824219,103.61000061035156,99.74263000488281,1055600,0.0,0.0
2015-05-19 00:00:00-04:00,104.16000366210938,104.2699966430664,101.63999938964844,102.01000213623047,98.20236206054688,1454000,0.0,0.0
2015-05-20 00:00:00-04:00,101.95999908447266,103.4000015258789,101.08999633789062,103.25,99.39606475830078,1249500,0.0,0.0
2015-05-21 00:00:00-04:00,103.01000213623047,105.83000183105469,103.01000213623047,105.12999725341797,101.20590209960938,2316100,0.0,0.0
2015-05-22 00:00:00-04:00,104.98999786376953,105.36000061035156,103.63999938964844,104.88999938964844,100.97486114501953,1159500,0.0,0.0
2015-05-26 00:00:00-04:00,104.69999694824219,105.12000274658203,103.88999938964844,104.36000061035156,100.46463012695312,1413900,0.0,0.0
2015-05-27 00:00:00-04:00,104.44999694824219,105.44000244140625,104.08999633789062,104.5,100.59940338134766,1154400,0.0,0.0
2015-05-28 00:00:00-04:00,101.0,101.0,94.2699966430664,94.94999694824219,91.40587615966797,8954200,0.0,0.0
2015-05-29 00:00:00-04:00,92.66999816894531,93.31999969482422,87.9000015258789,88.91000366210938,85.59133911132812,10706500,0.0,0.0
2015-06-01 00:00:00-04:00,89.68000030517578,90.80999755859375,88.5199966430664,90.37999725341797,87.00646209716797,3950600,0.0,0.0
2015-06-02 00:00:00-04:00,90.19999694824219,92.87999725341797,90.18000030517578,92.05999755859375,88.62373352050781,2883000,0.0,0.0
2015-06-03 00:00:00-04:00,92.27999877929688,92.94000244140625,91.18000030517578,91.62999725341797,88.20980834960938,2239000,0.0,0.0
2015-06-04 00:00:00-04:00,90.8499984741211,91.8499984741211,90.69999694824219,91.19000244140625,87.7862319946289,2116500,0.0,0.0
2015-06-05 00:00:00-04:00,91.51000213623047,92.2699966430664,90.8499984741211,91.86000061035156,88.43122100830078,1307400,0.0,0.0
2015-06-08 00:00:00-04:00,91.87000274658203,92.31999969482422,90.16999816894531,90.33999633789062,86.96794891357422,1635700,0.0,0.0
2015-06-09 00:00:00-04:00,90.2300033569336,90.58000183105469,88.45999908447266,88.87999725341797,85.56244659423828,2340900,0.0,0.0
2015-06-10 00:00:00-04:00,89.56999969482422,90.33999633789062,89.06999969482422,89.68000030517578,86.33258819580078,1889100,0.0,0.0
2015-06-11 00:00:00-04:00,89.7699966430664,90.36000061035156,89.5999984741211,89.72000122070312,86.37109375,1305900,0.0,0.0
2015-06-12 00:00:00-04:00,90.83999633789062,92.25,89.87000274658203,91.44000244140625,88.02690124511719,2325300,0.0,0.0
2015-06-15 00:00:00-04:00,90.77999877929688,91.76000213623047,89.8499984741211,91.13999938964844,87.73809814453125,1483900,0.0,0.0
2015-06-16 00:00:00-04:00,89.11000061035156,89.5,86.87999725341797,88.76000213623047,85.4469223022461,3588700,0.0,0.0
2015-06-17 00:00:00-04:00,88.93000030517578,91.05000305175781,88.81999969482422,90.52999877929688,87.15084838867188,2134000,0.0,0.0
2015-06-18 00:00:00-04:00,90.7699966430664,93.0,90.70999908447266,92.58000183105469,89.12435150146484,1905200,0.0,0.0
2015-06-19 00:00:00-04:00,92.18000030517578,92.7300033569336,91.76000213623047,91.91999816894531,88.48896789550781,1409900,0.0,0.0
2015-06-22 00:00:00-04:00,92.25,92.6500015258789,91.12999725341797,92.12999725341797,88.6911392211914,1503300,0.0,0.0
2015-06-23 00:00:00-04:00,92.4000015258789,93.3499984741211,92.02999877929688,92.56999969482422,89.11470794677734,1816500,0.0,0.0
2015-06-24 00:00:00-04:00,92.51000213623047,92.98999786376953,91.56999969482422,92.31999969482422,88.8740463256836,1136900,0.0,0.0
2015-06-25 00:00:00-04:00,92.61000061035156,92.61000061035156,88.98999786376953,89.58000183105469,86.23632049560547,2111800,0.0,0.0
2015-06-26 00:00:00-04:00,89.8499984741211,90.02999877929688,89.12000274658203,89.97000122070312,86.61176300048828,1568100,0.0,0.0
2015-06-29 00:00:00-04:00,88.87999725341797,89.38999938964844,87.08000183105469,87.23999786376953,83.98365783691406,2221400,0.0,0.0
2015-06-30 00:00:00-04:00,88.12000274658203,88.5999984741211,87.5,87.62000274658203,84.34947204589844,1809400,0.0,0.0
2015-07-01 00:00:00-04:00,87.63999938964844,87.98999786376953,82.95999908447266,83.5999984741211,80.47953033447266,4131900,0.0,0.0
2015-07-02 00:00:00-04:00,83.70999908447266,84.66999816894531,83.08000183105469,84.27999877929688,81.13414001464844,1788800,0.0,0.0
2015-07-06 00:00:00-04:00,83.30999755859375,85.2699966430664,82.62999725341797,83.25,80.1426010131836,1737200,0.0,0.0
2015-07-07 00:00:00-04:00,83.30000305175781,83.69000244140625,80.08000183105469,83.30999755859375,80.20034790039062,2301700,0.0,0.0
2015-07-08 00:00:00-04:00,82.94000244140625,83.12999725341797,78.9000015258789,80.05000305175781,77.06202697753906,2950900,0.0,0.0
2015-07-09 00:00:00-04:00,81.5,83.30999755859375,81.33999633789062,81.37000274658203,78.3327865600586,2446900,0.0,0.0
2015-07-10 00:00:00-04:00,82.44000244140625,82.58999633789062,81.18000030517578,81.38999938964844,78.35202026367188,1463300,0.0,0.0
2015-07-13 00:00:00-04:00,82.20999908447266,82.62999725341797,81.44999694824219,82.01000213623047,78.94886779785156,1647000,0.0,0.0
2015-07-14 00:00:00-04:00,81.9000015258789,82.55000305175781,81.41000366210938,82.31999969482422,79.2472915649414,1446900,0.0,0.0
2015-07-15 00:00:00-04:00,82.06999969482422,82.20999908447266,80.08000183105469,80.12999725341797,77.13903045654297,2771900,0.0,0.0
2015-07-16 00:00:00-04:00,80.95999908447266,82.31999969482422,80.5199966430664,81.77999877929688,78.72745513916016,2058000,0.0,0.0
2015-07-17 00:00:00-04:00,81.93000030517578,82.33999633789062,80.30000305175781,81.26000213623047,78.22687530517578,2165200,0.0,0.0
2015-07-20 00:00:00-04:00,80.51000213623047,80.79000091552734,79.11000061035156,79.19999694824219,76.2437744140625,2756000,0.0,0.0
2015-07-21 00:00:00-04:00,79.25,80.12999725341797,78.33999633789062,78.7699966430664,75.82980346679688,2252700,0.0,0.0
2015-07-22 00:00:00-04:00,78.41000366210938,78.4800033569336,76.81999969482422,77.62999725341797,74.73236083984375,3110300,0.0,0.0
2015-07-23 00:00:00-04:00,71.87999725341797,74.91999816894531,66.73999786376953,66.9800033569336,64.4798812866211,13080400,0.0,0.0
2015-07-24 00:00:00-04:00,66.75,66.75,62.459999084472656,64.72000122070312,62.30425262451172,12555600,0.0,0.0
2015-07-27 00:00:00-04:00,64.22000122070312,66.55000305175781,63.0099983215332,65.16000366210938,62.72782516479492,4908200,0.0,0.0
2015-07-28 00:00:00-04:00,65.86000061035156,67.5,65.61000061035156,66.93000030517578,64.43175506591797,3835600,0.0,0.0
2015-07-29 00:00:00-04:00,67.16000366210938,67.55000305175781,66.25,66.87999725341797,64.38362884521484,3717900,0.0,0.0
2015-07-30 00:00:00-04:00,66.01000213623047,66.72000122070312,64.87999725341797,66.54000091552734,64.05631256103516,2109100,0.0,0.0
2015-07-31 00:00:00-04:00,66.9000015258789,68.48999786376953,66.77999877929688,66.98999786376953,64.489501953125,2492800,0.0,0.0
2015-08-03 00:00:00-04:00,66.45999908447266,66.63999938964844,65.11000061035156,65.27999877929688,62.843345642089844,2177400,0.0,0.0
2015-08-04 00:00:00-04:00,66.01000213623047,66.9000015258789,65.16999816894531,65.5,63.05513000488281,1902100,0.0,0.0
2015-08-05 00:00:00-04:00,66.0,67.05999755859375,65.29000091552734,65.47000122070312,63.0262565612793,1801300,0.0,0.0
2015-08-06 00:00:00-04:00,65.30999755859375,66.20999908447266,64.66000366210938,65.66000366210938,63.20917892456055,2304200,0.0,0.0
2015-08-07 00:00:00-04:00,65.4000015258789,66.12000274658203,63.66999816894531,63.810001373291016,61.42822265625,1859900,0.0,0.0
2015-08-10 00:00:00-04:00,64.73999786376953,67.48999786376953,64.18000030517578,66.70999908447266,64.21996307373047,2596500,0.0,0.0
2015-08-11 00:00:00-04:00,65.77999877929688,67.08999633789062,64.61000061035156,65.83999633789062,63.38243865966797,2707400,0.0,0.0
2015-08-12 00:00:00-04:00,64.87999725341797,66.44000244140625,64.02999877929688,66.2699966430664,63.79638671875,1985600,0.0,0.0
2015-08-13 00:00:00-04:00,66.62999725341797,66.83000183105469,64.13999938964844,64.30999755859375,61.909542083740234,2266100,0.0,0.0
2015-08-14 00:00:00-04:00,64.2699966430664,65.38999938964844,64.2699966430664,65.33000183105469,62.891483306884766,1710300,0.0,0.0
2015-08-17 00:00:00-04:00,65.16000366210938,65.66000366210938,64.19999694824219,65.58000183105469,63.13213348388672,1130300,0.0,0.0
2015-08-18 00:00:00-04:00,65.0999984741211,65.93000030517578,65.0999984741211,65.51000213623047,63.064762115478516,1569200,0.0,0.0
2015-08-19 00:00:00-04:00,65.11000061035156,66.62999725341797,64.91000366210938,65.55999755859375,63.11289978027344,1989500,0.0,0.0
2015-08-20 00:00:00-04:00,64.6500015258789,66.38999938964844,64.52999877929688,64.55000305175781,62.140602111816406,2328900,0.0,0.0
2015-08-21 00:00:00-04:00,63.06999969482422,63.900001525878906,61.630001068115234,61.65999984741211,59.358463287353516,2585700,0.0,0.0
2015-08-24 00:00:00-04:00,56.880001068115234,63.959999084472656,56.65999984741211,60.91999816894531,58.646080017089844,4292600,0.0,0.0
2015-08-25 00:00:00-04:00,63.470001220703125,63.790000915527344,60.79999923706055,60.83000183105469,58.5594482421875,3131900,0.0,0.0
2015-08-26 00:00:00-04:00,62.279998779296875,63.59000015258789,60.970001220703125,63.5099983215332,61.139404296875,2479800,0.0,0.0
2015-08-27 00:00:00-04:00,65.0,68.7699966430664,64.62999725341797,68.30000305175781,65.7506103515625,3243300,0.0,0.0
2015-08-28 00:00:00-04:00,67.91999816894531,69.20999908447266,66.5199966430664,67.05999755859375,64.55689239501953,2298400,0.0,0.0
2015-08-31 00:00:00-04:00,66.80000305175781,69.58000183105469,66.20999908447266,69.33000183105469,66.74217987060547,2357100,0.0,0.0
2015-09-01 00:00:00-04:00,67.30999755859375,67.91999816894531,65.01000213623047,65.33999633789062,62.9011116027832,2348200,0.0,0.0
2015-09-02 00:00:00-04:00,67.51000213623047,68.95999908447266,65.51000213623047,67.36000061035156,64.84569549560547,2645500,0.0,0.0
2015-09-03 00:00:00-04:00,67.5,68.80999755859375,66.27999877929688,67.83000183105469,65.29816436767578,2652100,0.0,0.0
2015-09-04 00:00:00-04:00,66.62000274658203,67.01000213623047,65.16000366210938,66.08000183105469,63.61347579956055,1544000,0.0,0.0
2015-09-08 00:00:00-04:00,67.47000122070312,68.2300033569336,66.37999725341797,67.98999786376953,65.45219421386719,1564000,0.0,0.0
2015-09-09 00:00:00-04:00,68.94000244140625,71.9800033569336,67.95999908447266,69.22000122070312,66.63627624511719,3724600,0.0,0.0
2015-09-10 00:00:00-04:00,69.12000274658203,70.47000122070312,68.56999969482422,68.9800033569336,66.40524291992188,1782900,0.0,0.0
2015-09-11 00:00:00-04:00,68.30000305175781,69.54000091552734,67.61000061035156,69.44999694824219,66.85769653320312,1250400,0.0,0.0
2015-09-14 00:00:00-04:00,69.16999816894531,69.43000030517578,67.4000015258789,67.62999725341797,65.10562896728516,1776200,0.0,0.0
2015-09-15 00:00:00-04:00,67.79000091552734,69.94999694824219,67.79000091552734,69.83000183105469,67.22352600097656,1391900,0.0,0.0
2015-09-16 00:00:00-04:00,69.9800033569336,72.45999908447266,69.81999969482422,72.27999877929688,69.58206176757812,2316600,0.0,0.0
2015-09-17 00:00:00-04:00,71.79000091552734,72.19000244140625,69.33000183105469,69.5999984741211,67.00209045410156,3133100,0.0,0.0
2015-09-18 00:00:00-04:00,68.19000244140625,68.66999816894531,66.5999984741211,67.12999725341797,64.6242904663086,2777900,0.0,0.0
2015-09-21 00:00:00-04:00,67.91000366210938,68.62000274658203,67.06999969482422,67.61000061035156,65.08637237548828,1924800,0.0,0.0
2015-09-22 00:00:00-04:00,66.5199966430664,67.19999694824219,65.66999816894531,66.69999694824219,64.2103271484375,1712400,0.0,0.0
2015-09-23 00:00:00-04:00,66.76000213623047,66.93000030517578,62.56999969482422,63.29999923706055,60.9372444152832,2627500,0.0,0.0
2015-09-24 00:00:00-04:00,62.04999923706055,62.720001220703125,59.06999969482422,61.810001373291016,59.502864837646484,3364800,0.0,0.0
2015-09-25 00:00:00-04:00,64.4800033569336,64.87000274658203,62.22999954223633,62.79999923706055,60.455909729003906,2560500,0.0,0.0
2015-09-28 00:00:00-04:00,62.29999923706055,62.459999084472656,59.33000183105469,59.47999954223633,57.25983428955078,2168500,0.0,0.0
2015-09-29 00:00:00-04:00,59.68000030517578,60.4900016784668,58.619998931884766,59.939998626708984,57.70266342163086,1527100,0.0,0.0
2015-09-30 00:00:00-04:00,60.599998474121094,61.72999954223633,59.29999923706055,60.04999923706055,57.808555603027344,2327900,0.0,0.0
2015-10-01 00:00:00-04:00,60.58000183105469,61.970001220703125,59.459999084472656,59.84000015258789,57.60639953613281,3333500,0.0,0.0
2015-10-02 00:00:00-04:00,59.0,59.68000030517578,57.40999984741211,59.650001525878906,57.42349624633789,3803000,0.0,0.0
2015-10-05 00:00:00-04:00,60.5,65.02999877929688,60.45000076293945,64.41000366210938,62.00581741333008,2624200,0.0,0.0
2015-10-06 00:00:00-04:00,64.37000274658203,66.31999969482422,64.2699966430664,65.7300033569336,63.276554107666016,2256600,0.0,0.0
2015-10-07 00:00:00-04:00,66.77999877929688,69.2300033569336,65.93000030517578,67.9000015258789,65.36553955078125,3148100,0.0,0.0
2015-10-08 00:00:00-04:00,68.18000030517578,71.52999877929688,67.5999984741211,70.52999877929688,67.89737701416016,2639300,0.0,0.0
2015-10-09 00:00:00-04:00,71.05999755859375,72.05000305175781,69.62000274658203,70.76000213623047,68.11881256103516,2170600,0.0,0.0
2015-10-12 00:00:00-04:00,70.51000213623047,70.73999786376953,68.94000244140625,69.5199966430664,66.92507934570312,1708400,0.0,0.0
2015-10-13 00:00:00-04:00,68.75,71.94999694824219,68.01000213623047,70.01000213623047,67.39680480957031,2326000,0.0,0.0
2015-10-14 00:00:00-04:00,69.95999908447266,71.01000213623047,68.87999725341797,70.19999694824219,67.57969665527344,2062000,0.0,0.0
2015-10-15 00:00:00-04:00,69.5,69.87999725341797,67.0199966430664,69.2699966430664,66.68441009521484,2568900,0.0,0.0
2015-10-16 00:00:00-04:00,69.18000030517578,69.18000030517578,66.04000091552734,66.88999938964844,64.39324188232422,2777000,0.0,0.0
2015-10-19 00:00:00-04:00,66.47000122070312,66.93000030517578,65.0199966430664,65.38999938964844,62.94923782348633,2218400,0.0,0.0
2015-10-20 00:00:00-04:00,65.0199966430664,67.7300033569336,64.22000122070312,66.20999908447266,63.73861312866211,2860900,0.0,0.0
2015-10-21 00:00:00-04:00,66.68000030517578,68.19999694824219,65.01000213623047,67.19999694824219,64.69168090820312,3384600,0.0,0.0
2015-10-22 00:00:00-04:00,69.81999969482422,74.8499984741211,69.27999877929688,73.9000015258789,71.14158630371094,5773500,0.0,0.0
2015-10-23 00:00:00-04:00,74.1500015258789,75.97000122070312,73.0999984741211,73.95999908447266,71.1993408203125,2677600,0.0,0.0
2015-10-26 00:00:00-04:00,74.13999938964844,75.0,73.12000274658203,73.8499984741211,71.09346008300781,2215600,0.0,0.0
2015-10-27 00:00:00-04:00,72.47000122070312,73.29000091552734,71.2300033569336,71.9800033569336,69.29326629638672,1568300,0.0,0.0
2015-10-28 00:00:00-04:00,72.31999969482422,75.1500015258789,71.93000030517578,74.69000244140625,71.90210723876953,1608700,0.0,0.0
2015-10-29 00:00:00-04:00,73.94999694824219,75.41999816894531,73.2699966430664,74.26000213623047,71.48815155029297,1458600,0.0,0.0
2015-10-30 00:00:00-04:00,74.62000274658203,75.51000213623047,73.94999694824219,74.86000061035156,72.06574249267578,1514300,0.0,0.0
2015-11-02 00:00:00-05:00,74.83999633789062,76.58000183105469,74.7300033569336,76.04000091552734,73.20172119140625,1332200,0.0,0.0
2015-11-03 00:00:00-05:00,75.9000015258789,78.08999633789062,75.6500015258789,76.97000122070312,74.09700012207031,1821300,0.0,0.0
2015-11-04 00:00:00-05:00,77.33999633789062,77.91999816894531,75.9800033569336,76.55999755859375,73.70231628417969,959700,0.0,0.0
2015-11-05 00:00:00-05:00,76.38999938964844,78.62000274658203,75.69000244140625,78.33999633789062,75.4158706665039,2017800,0.0,0.0
2015-11-06 00:00:00-05:00,77.44999694824219,80.18000030517578,77.0199966430664,79.83999633789062,76.85987091064453,1954100,0.0,0.0
2015-11-09 00:00:00-05:00,79.4000015258789,79.95999908447266,76.18000030517578,77.5,74.60723114013672,1846300,0.0,0.0
2015-11-10 00:00:00-05:00,77.16999816894531,78.08999633789062,76.27999877929688,77.72000122070312,74.81900024414062,1305100,0.0,0.0
2015-11-11 00:00:00-05:00,77.97000122070312,77.97000122070312,76.66999816894531,76.98999786376953,74.11624145507812,1321100,0.0,0.0
2015-11-12 00:00:00-05:00,75.45999908447266,76.31999969482422,73.31999969482422,73.48999786376953,70.74689483642578,2541800,0.0,0.0
2015-11-13 00:00:00-05:00,73.52999877929688,74.81999969482422,73.11000061035156,74.13999938964844,71.37262725830078,1879500,0.0,0.0
2015-11-16 00:00:00-05:00,74.05999755859375,75.29000091552734,73.62999725341797,74.75,71.95986938476562,1575900,0.0,0.0
2015-11-17 00:00:00-05:00,76.22000122070312,77.86000061035156,75.41000366210938,75.66000366210938,72.83590698242188,1999200,0.0,0.0
2015-11-18 00:00:00-05:00,76.12000274658203,77.20999908447266,75.83999633789062,76.98999786376953,74.11624145507812,1425700,0.0,0.0
2015-11-19 00:00:00-05:00,76.47000122070312,76.95999908447266,75.0199966430664,75.55999755859375,72.73963928222656,1413000,0.0,0.0
2015-11-20 00:00:00-05:00,75.98999786376953,76.93000030517578,75.23999786376953,75.58000183105469,72.75888061523438,1163300,0.0,0.0
2015-11-23 00:00:00-05:00,75.4000015258789,76.47000122070312,75.3499984741211,76.13999938964844,73.2979965209961,1318600,0.0,0.0
2015-11-24 00:00:00-05:00,75.87000274658203,78.36000061035156,75.75,77.41000366210938,74.52058410644531,2109900,0.0,0.0
2015-11-25 00:00:00-05:00,77.7300033569336,78.5999984741211,76.41000366210938,77.87999725341797,74.97303771972656,1177800,0.0,0.0
2015-11-27 00:00:00-05:00,77.31999969482422,78.19999694824219,76.80000305175781,77.16000366210938,74.27991485595703,454100,0.0,0.0
2015-11-30 00:00:00-05:00,77.36000061035156,79.18000030517578,77.12999725341797,78.66999816894531,75.7335433959961,1434500,0.0,0.0
2015-12-01 00:00:00-05:00,78.62999725341797,79.31999969482422,77.43000030517578,78.41000366210938,75.48323822021484,1528200,0.0,0.0
2015-12-02 00:00:00-05:00,77.8499984741211,78.19000244140625,75.58000183105469,76.20999908447266,73.36534881591797,1495600,0.0,0.0
2015-12-03 00:00:00-05:00,76.58000183105469,77.62000274658203,74.55000305175781,75.19999694824219,72.39308166503906,1578600,0.0,0.0
2015-12-04 00:00:00-05:00,74.69999694824219,75.47000122070312,73.98999786376953,74.13999938964844,71.37262725830078,1666100,0.0,0.0
2015-12-07 00:00:00-05:00,73.30000305175781,73.52999877929688,69.69999694824219,70.45999908447266,67.82998657226562,2664300,0.0,0.0
2015-12-08 00:00:00-05:00,68.80000305175781,69.77999877929688,67.5,67.93000030517578,65.39442443847656,2744700,0.0,0.0
2015-12-09 00:00:00-05:00,69.87000274658203,72.66000366210938,69.77999877929688,71.06999969482422,68.417236328125,2620400,0.0,0.0
2015-12-10 00:00:00-05:00,70.69000244140625,72.08999633789062,70.56999969482422,71.04000091552734,68.38835906982422,1319600,0.0,0.0
2015-12-11 00:00:00-05:00,69.62000274658203,70.51000213623047,67.27999877929688,67.55999755859375,65.03824615478516,1841100,0.0,0.0
2015-12-14 00:00:00-05:00,67.06999969482422,67.27999877929688,64.02999877929688,66.12999725341797,63.66162109375,2551800,0.0,0.0
2015-12-15 00:00:00-05:00,67.20999908447266,68.91000366210938,66.95999908447266,67.58000183105469,65.0574951171875,1676300,0.0,0.0
2015-12-16 00:00:00-05:00,68.22000122070312,69.38999938964844,67.54000091552734,69.2300033569336,66.64588928222656,1617400,0.0,0.0
2015-12-17 00:00:00-05:00,69.2300033569336,69.2300033569336,66.87000274658203,66.9000015258789,64.40287017822266,1712000,0.0,0.0
2015-12-18 00:00:00-05:00,66.70999908447266,68.25,66.02999877929688,67.18000030517578,64.67241668701172,2670500,0.0,0.0
2015-12-21 00:00:00-05:00,67.5,70.1500015258789,67.36000061035156,69.05000305175781,66.4726333618164,2029600,0.0,0.0
2015-12-22 00:00:00-05:00,69.30999755859375,72.66999816894531,69.05000305175781,72.05000305175781,69.36064147949219,2131300,0.0,0.0
2015-12-23 00:00:00-05:00,72.77999877929688,75.08999633789062,72.51000213623047,74.81999969482422,72.0272445678711,2115200,0.0,0.0
2015-12-24 00:00:00-05:00,74.76000213623047,75.44000244140625,74.5,74.5999984741211,71.8154525756836,779900,0.0,0.0
2015-12-28 00:00:00-05:00,73.43000030517578,73.75,71.05999755859375,72.47000122070312,69.76496887207031,1524600,0.0,0.0
2015-12-29 00:00:00-05:00,73.08000183105469,73.87000274658203,72.30999755859375,73.31999969482422,70.58324432373047,1127100,0.0,0.0
2015-12-30 00:00:00-05:00,72.80000305175781,73.5999984741211,72.4000015258789,72.68000030517578,69.96713256835938,1091100,0.0,0.0
2015-12-31 00:00:00-05:00,72.06999969482422,73.12000274658203,71.98999786376953,72.54000091552734,69.83235931396484,1539700,0.0,0.0
2016-01-04 00:00:00-05:00,71.11000061035156,71.51000213623047,68.7300033569336,70.76000213623047,68.11881256103516,2257300,0.0,0.0
2016-01-05 00:00:00-05:00,70.8499984741211,71.30000305175781,69.38999938964844,70.05000305175781,67.43528747558594,1605700,0.0,0.0
2016-01-06 00:00:00-05:00,68.75,69.13999938964844,66.01000213623047,66.69999694824219,64.2103271484375,2748800,0.0,0.0
2016-01-07 00:00:00-05:00,64.88999938964844,64.95999908447266,61.709999084472656,62.36000061035156,60.0323371887207,3385600,0.0,0.0
2016-01-08 00:00:00-05:00,63.04999923706055,63.779998779296875,61.5099983215332,61.810001373291016,59.502864837646484,2025500,0.0,0.0
2016-01-11 00:00:00-05:00,62.16999816894531,62.36000061035156,59.77000045776367,60.959999084472656,58.684593200683594,1678700,0.0,0.0
2016-01-12 00:00:00-05:00,61.9900016784668,63.849998474121094,59.65999984741211,61.279998779296875,58.992645263671875,2168200,0.0,0.0
2016-01-13 00:00:00-05:00,61.959999084472656,63.52000045776367,56.599998474121094,57.7400016784668,55.584781646728516,2824900,0.0,0.0
2016-01-14 00:00:00-05:00,58.22999954223633,58.31999969482422,54.66999816894531,57.13999938964844,55.00717544555664,3572800,0.0,0.0
2016-01-15 00:00:00-05:00,55.560001373291016,56.0,53.61000061035156,54.900001525878906,52.85079574584961,3140200,0.0,0.0
2016-01-19 00:00:00-05:00,56.02000045776367,56.689998626708984,52.970001220703125,54.0,51.9843864440918,2458900,0.0,0.0
2016-01-20 00:00:00-05:00,52.380001068115234,55.0099983215332,50.25,54.40999984741211,52.37907791137695,2871400,0.0,0.0
2016-01-21 00:00:00-05:00,54.400001525878906,56.93000030517578,53.70000076293945,55.310001373291016,53.24549102783203,2712400,0.0,0.0
2016-01-22 00:00:00-05:00,57.13999938964844,59.650001525878906,55.869998931884766,57.7400016784668,55.584781646728516,2617300,0.0,0.0
2016-01-25 00:00:00-05:00,56.68000030517578,57.119998931884766,54.5099983215332,54.63999938964844,52.600502014160156,3017300,0.0,0.0
2016-01-26 00:00:00-05:00,55.25,56.93000030517578,54.709999084472656,56.88999938964844,54.76651382446289,2555800,0.0,0.0
2016-01-27 00:00:00-05:00,56.400001525878906,57.900001525878906,54.72999954223633,55.84000015258789,53.755699157714844,3412600,0.0,0.0
2016-01-28 00:00:00-05:00,49.900001525878906,50.20000076293945,44.599998474121094,45.58000183105469,43.8786735534668,11008000,0.0,0.0
2016-01-29 00:00:00-05:00,45.0099983215332,48.400001525878906,44.59000015258789,47.90999984741211,46.12169647216797,4562000,0.0,0.0
2016-02-01 00:00:00-05:00,47.459999084472656,49.459999084472656,46.650001525878906,48.83000183105469,47.00736618041992,3280300,0.0,0.0
2016-02-02 00:00:00-05:00,47.709999084472656,47.72999954223633,44.61000061035156,45.7599983215332,44.051944732666016,4333200,0.0,0.0
2016-02-03 00:00:00-05:00,46.47999954223633,48.459999084472656,44.880001068115234,48.43000030517578,46.622291564941406,4192500,0.0,0.0
2016-02-04 00:00:00-05:00,48.09000015258789,51.08000183105469,47.97999954223633,48.68000030517578,46.86296081542969,2817200,0.0,0.0
2016-02-05 00:00:00-05:00,47.7599983215332,50.060001373291016,47.5099983215332,48.20000076293945,46.400882720947266,2575800,0.0,0.0
2016-02-08 00:00:00-05:00,47.13999938964844,47.7599983215332,45.16999816894531,46.61000061035156,44.87022399902344,2405600,0.0,0.0
2016-02-09 00:00:00-05:00,45.5099983215332,46.09000015258789,43.61000061035156,44.779998779296875,43.1085319519043,2745200,0.0,0.0
2016-02-10 00:00:00-05:00,45.15999984741211,46.720001220703125,44.63999938964844,45.5,43.80166244506836,1972300,0.0,0.0
2016-02-11 00:00:00-05:00,43.959999084472656,44.83000183105469,41.900001525878906,43.34000015258789,41.72228240966797,2716900,0.0,0.0
2016-02-12 00:00:00-05:00,44.31999969482422,45.849998474121094,43.529998779296875,45.45000076293945,43.7535285949707,2189700,0.0,0.0
2016-02-16 00:00:00-05:00,46.310001373291016,47.77000045776367,45.59000015258789,47.560001373291016,45.78477096557617,2241700,0.0,0.0
2016-02-17 00:00:00-05:00,48.02000045776367,49.189998626708984,47.310001373291016,48.18000030517578,46.38162612915039,2332600,0.0,0.0
2016-02-18 00:00:00-05:00,48.779998779296875,50.45000076293945,47.72999954223633,49.869998931884766,48.008541107177734,2797900,0.0,0.0
2016-02-19 00:00:00-05:00,49.220001220703125,49.279998779296875,46.650001525878906,48.400001525878906,46.593414306640625,2403600,0.0,0.0
2016-02-22 00:00:00-05:00,49.68000030517578,52.16999816894531,49.650001525878906,51.61000061035156,49.68359375,2249200,0.0,0.0
2016-02-23 00:00:00-05:00,51.06999969482422,51.13999938964844,49.380001068115234,49.869998931884766,48.008541107177734,1658800,0.0,0.0
2016-02-24 00:00:00-05:00,49.13999938964844,49.77000045776367,47.02000045776367,49.68000030517578,47.82563781738281,2023600,0.0,0.0
2016-02-25 00:00:00-05:00,49.52000045776367,50.41999816894531,47.880001068115234,50.36000061035156,48.480255126953125,1323400,0.0,0.0
2016-02-26 00:00:00-05:00,51.0,52.31999969482422,50.66999816894531,51.529998779296875,49.6065788269043,1726200,0.0,0.0
2016-02-29 00:00:00-05:00,51.58000183105469,52.52000045776367,50.959999084472656,51.56999969482422,49.64508819580078,1915200,0.0,0.0
2016-03-01 00:00:00-05:00,52.099998474121094,52.709999084472656,49.90999984741211,52.470001220703125,50.51149368286133,2105200,0.0,0.0
2016-03-02 00:00:00-05:00,52.310001373291016,54.529998779296875,52.029998779296875,54.310001373291016,52.28281021118164,2054400,0.0,0.0
2016-03-03 00:00:00-05:00,54.40999984741211,56.63999938964844,53.939998626708984,56.560001373291016,54.448829650878906,2016900,0.0,0.0
2016-03-04 00:00:00-05:00,57.04999923706055,59.150001525878906,55.689998626708984,57.4900016784668,55.344120025634766,2521800,0.0,0.0
2016-03-07 00:00:00-05:00,57.599998474121094,60.81999969482422,57.599998474121094,59.849998474121094,57.616024017333984,2453000,0.0,0.0
2016-03-08 00:00:00-05:00,58.689998626708984,58.939998626708984,56.279998779296875,56.84000015258789,54.7183837890625,2179200,0.0,0.0
2016-03-09 00:00:00-05:00,57.119998931884766,58.95000076293945,55.93000030517578,58.2400016784668,56.06612014770508,1347700,0.0,0.0
2016-03-10 00:00:00-05:00,58.31999969482422,59.16999816894531,56.459999084472656,57.91999816894531,55.7580680847168,1483800,0.0,0.0
2016-03-11 00:00:00-05:00,58.88999938964844,59.849998474121094,58.529998779296875,59.650001525878906,57.42349624633789,1479200,0.0,0.0
2016-03-14 00:00:00-04:00,59.15999984741211,60.40999984741211,58.27000045776367,60.0099983215332,57.770050048828125,1584300,0.0,0.0
2016-03-15 00:00:00-04:00,58.75,59.689998626708984,58.45000076293945,59.540000915527344,57.31760025024414,1573200,0.0,0.0
2016-03-16 00:00:00-04:00,59.279998779296875,61.97999954223633,59.150001525878906,61.7599983215332,59.45473098754883,2221500,0.0,0.0
2016-03-17 00:00:00-04:00,61.84000015258789,63.84000015258789,61.45000076293945,63.369998931884766,61.004634857177734,2119800,0.0,0.0
2016-03-18 00:00:00-04:00,63.86000061035156,64.37999725341797,61.56999969482422,62.90999984741211,60.561798095703125,2627100,0.0,0.0
2016-03-21 00:00:00-04:00,62.75,63.9900016784668,62.130001068115234,63.540000915527344,61.16829299926758,1496900,0.0,0.0
2016-03-22 00:00:00-04:00,62.83000183105469,64.05000305175781,62.68000030517578,63.77000045776367,61.389705657958984,1092100,0.0,0.0
2016-03-23 00:00:00-04:00,63.77000045776367,63.77000045776367,61.25,61.599998474121094,59.30070877075195,1626200,0.0,0.0
2016-03-24 00:00:00-04:00,61.029998779296875,62.540000915527344,60.060001373291016,61.9900016784668,59.676143646240234,1386000,0.0,0.0
2016-03-28 00:00:00-04:00,62.20000076293945,62.630001068115234,60.84000015258789,61.68000030517578,59.377723693847656,1332800,0.0,0.0
2016-03-29 00:00:00-04:00,61.20000076293945,62.66999816894531,60.2599983215332,62.560001373291016,60.22488021850586,1421300,0.0,0.0
2016-03-30 00:00:00-04:00,63.06999969482422,64.19999694824219,62.369998931884766,62.790000915527344,60.446285247802734,1151300,0.0,0.0
2016-03-31 00:00:00-04:00,62.58000183105469,62.58000183105469,60.7400016784668,62.189998626708984,59.86867904663086,2119600,0.0,0.0
2016-04-01 00:00:00-04:00,60.45000076293945,61.02000045776367,58.849998474121094,60.810001373291016,58.54018783569336,2500700,0.0,0.0
2016-04-04 00:00:00-04:00,60.540000915527344,61.290000915527344,59.36000061035156,59.470001220703125,57.250213623046875,2650600,0.0,0.0
2016-04-05 00:00:00-04:00,58.400001525878906,59.43000030517578,58.20000076293945,58.47999954223633,56.297157287597656,2308600,0.0,0.0
2016-04-06 00:00:00-04:00,58.7400016784668,59.56999969482422,56.970001220703125,59.0,56.797760009765625,2268400,0.0,0.0
2016-04-07 00:00:00-04:00,58.27000045776367,59.810001373291016,57.45000076293945,57.95000076293945,55.78694534301758,1771800,0.0,0.0
2016-04-08 00:00:00-04:00,59.0099983215332,60.150001525878906,58.86000061035156,59.5,57.27908706665039,1377200,0.0,0.0
2016-04-11 00:00:00-04:00,59.880001068115234,60.9900016784668,59.54999923706055,59.58000183105469,57.356101989746094,1467600,0.0,0.0
2016-04-12 00:00:00-04:00,59.709999084472656,60.279998779296875,58.720001220703125,59.959999084472656,57.721920013427734,946200,0.0,0.0
2016-04-13 00:00:00-04:00,60.81999969482422,62.380001068115234,60.31999969482422,61.90999984741211,59.59912872314453,1664600,0.0,0.0
2016-04-14 00:00:00-04:00,62.310001373291016,62.54999923706055,61.290000915527344,61.34000015258789,59.05040740966797,1039800,0.0,0.0
2016-04-15 00:00:00-04:00,61.0,61.2400016784668,59.95000076293945,61.0,58.72310256958008,1158900,0.0,0.0
2016-04-18 00:00:00-04:00,60.36000061035156,62.11000061035156,60.130001068115234,61.540000915527344,59.242942810058594,1224800,0.0,0.0
2016-04-19 00:00:00-04:00,62.209999084472656,62.33000183105469,60.650001525878906,61.150001525878906,58.86750411987305,2011800,0.0,0.0
2016-04-20 00:00:00-04:00,61.04999923706055,61.189998626708984,60.0,60.13999938964844,57.89520263671875,3440800,0.0,0.0
2016-04-21 00:00:00-04:00,57.150001525878906,65.73999786376953,56.0099983215332,64.87000274658203,62.44865798950195,7669000,0.0,0.0
2016-04-22 00:00:00-04:00,62.81999969482422,66.05999755859375,62.52000045776367,66.01000213623047,63.54610061645508,4653900,0.0,0.0
2016-04-25 00:00:00-04:00,65.77999877929688,67.13999938964844,64.36000061035156,64.81999969482422,62.40050506591797,2381000,0.0,0.0
2016-04-26 00:00:00-04:00,65.4800033569336,67.05999755859375,65.30000305175781,66.9000015258789,64.40287017822266,1946400,0.0,0.0
2016-04-27 00:00:00-04:00,66.8499984741211,68.37000274658203,66.43000030517578,68.06999969482422,65.52921295166016,1666500,0.0,0.0
2016-04-28 00:00:00-04:00,67.69999694824219,68.83999633789062,66.66000366210938,66.80999755859375,64.31623840332031,1285300,0.0,0.0
2016-04-29 00:00:00-04:00,66.75,67.83000183105469,65.87999725341797,66.93000030517578,64.43175506591797,1397200,0.0,0.0
2016-05-02 00:00:00-04:00,67.18000030517578,67.44000244140625,64.98999786376953,65.7699966430664,63.31504821777344,1460800,0.0,0.0
2016-05-03 00:00:00-04:00,65.16000366210938,65.4800033569336,62.95000076293945,63.4900016784668,61.120155334472656,2069900,0.0,0.0
2016-05-04 00:00:00-04:00,63.15999984741211,64.0,61.5,61.869998931884766,59.560630798339844,2175200,0.0,0.0
2016-05-05 00:00:00-04:00,62.4900016784668,62.81999969482422,60.880001068115234,61.040000915527344,58.761600494384766,1990800,0.0,0.0
2016-05-06 00:00:00-04:00,59.029998779296875,61.72999954223633,58.83000183105469,61.5,59.20443344116211,2681100,0.0,0.0
2016-05-09 00:00:00-04:00,61.150001525878906,61.70000076293945,60.7599983215332,61.02000045776367,58.74235916137695,1747300,0.0,0.0
2016-05-10 00:00:00-04:00,61.33000183105469,63.369998931884766,61.08000183105469,62.939998626708984,60.590694427490234,1510600,0.0,0.0
2016-05-11 00:00:00-04:00,62.65999984741211,63.279998779296875,61.099998474121094,61.7599983215332,59.45473098754883,1604600,0.0,0.0
2016-05-12 00:00:00-04:00,62.150001525878906,62.880001068115234,60.56999969482422,60.869998931884766,58.59795379638672,1598900,0.0,0.0
2016-05-13 00:00:00-04:00,60.63999938964844,61.34000015258789,59.43000030517578,59.83000183105469,57.596778869628906,1644200,0.0,0.0
2016-05-16 00:00:00-04:00,60.310001373291016,61.790000915527344,60.20000076293945,60.939998626708984,58.665340423583984,1411500,0.0,0.0
2016-05-17 00:00:00-04:00,61.66999816894531,66.47000122070312,61.66999816894531,64.27999877929688,61.88066864013672,4490000,0.0,0.0
2016-05-18 00:00:00-04:00,63.70000076293945,66.2699966430664,63.54999923706055,64.86000061035156,62.43902587890625,2381600,0.0,0.0
2016-05-19 00:00:00-04:00,64.1500015258789,64.72000122070312,62.650001525878906,64.0999984741211,61.70738983154297,1874500,0.0,0.0
2016-05-20 00:00:00-04:00,64.52999877929688,65.66000366210938,64.36000061035156,65.2699966430664,62.83372497558594,1254800,0.0,0.0
2016-05-23 00:00:00-04:00,65.11000061035156,65.44999694824219,64.20999908447266,64.95999908447266,62.535282135009766,1043500,0.0,0.0
2016-05-24 00:00:00-04:00,65.5199966430664,66.02999877929688,64.54000091552734,65.75,63.29580307006836,1083900,0.0,0.0
2016-05-25 00:00:00-04:00,66.0999984741211,68.31999969482422,65.76000213623047,68.08999633789062,65.54845428466797,1787500,0.0,0.0
2016-05-26 00:00:00-04:00,68.5,70.08999633789062,67.6500015258789,68.19999694824219,65.65435791015625,1564100,0.0,0.0
2016-05-27 00:00:00-04:00,68.1500015258789,68.58000183105469,67.56999969482422,68.4000015258789,65.84687805175781,1053100,0.0,0.0
2016-05-31 00:00:00-04:00,68.41999816894531,69.79000091552734,68.16000366210938,69.66999816894531,67.06946563720703,1336400,0.0,0.0
2016-06-01 00:00:00-04:00,68.88999938964844,69.47000122070312,67.69000244140625,69.44999694824219,66.85769653320312,2049100,0.0,0.0
2016-06-02 00:00:00-04:00,69.02999877929688,71.18000030517578,68.68000030517578,71.08999633789062,68.43646240234375,1528000,0.0,0.0
2016-06-03 00:00:00-04:00,70.9800033569336,71.63999938964844,69.06999969482422,71.2699966430664,68.60975646972656,1789200,0.0,0.0
2016-06-06 00:00:00-04:00,71.62000274658203,73.91000366210938,71.12999725341797,73.66999816894531,70.920166015625,1667300,0.0,0.0
2016-06-07 00:00:00-04:00,73.55999755859375,74.75,73.08999633789062,74.4800033569336,71.69994354248047,1219900,0.0,0.0
2016-06-08 00:00:00-04:00,74.68000030517578,76.04000091552734,74.45999908447266,74.91999816894531,72.12351989746094,1336800,0.0,0.0
2016-06-09 00:00:00-04:00,73.86000061035156,74.3499984741211,72.69000244140625,74.11000061035156,71.34375762939453,934900,0.0,0.0
2016-06-10 00:00:00-04:00,72.8499984741211,73.27999877929688,70.73999786376953,71.51000213623047,68.84080505371094,2098600,0.0,0.0
2016-06-13 00:00:00-04:00,71.18000030517578,71.69999694824219,70.19000244140625,70.30999755859375,67.68557739257812,1402800,0.0,0.0
2016-06-14 00:00:00-04:00,70.20999908447266,71.63999938964844,68.54000091552734,70.0,67.38716125488281,2021100,0.0,0.0
2016-06-15 00:00:00-04:00,70.29000091552734,71.3499984741211,69.29000091552734,69.83999633789062,67.2331314086914,1346600,0.0,0.0
2016-06-16 00:00:00-04:00,67.54000091552734,67.86000061035156,65.04000091552734,67.01000213623047,64.50877380371094,4257800,0.0,0.0
2016-06-17 00:00:00-04:00,67.63999938964844,68.79000091552734,67.20999908447266,67.62000274658203,65.09600067138672,3108900,0.0,0.0
2016-06-20 00:00:00-04:00,69.5,70.0999984741211,68.83000183105469,68.8499984741211,66.28007507324219,1959000,0.0,0.0
2016-06-21 00:00:00-04:00,69.19999694824219,69.4800033569336,67.94999694824219,68.95999908447266,66.38597869873047,1224500,0.0,0.0
2016-06-22 00:00:00-04:00,69.45999908447266,70.04000091552734,68.81999969482422,69.01000213623047,66.43412017822266,1105700,0.0,0.0
2016-06-23 00:00:00-04:00,70.36000061035156,72.25,70.36000061035156,72.2300033569336,69.533935546875,1452700,0.0,0.0
2016-06-24 00:00:00-04:00,68.41999816894531,69.86000061035156,65.94999694824219,66.25,63.77715301513672,2941000,0.0,0.0
2016-06-27 00:00:00-04:00,65.44000244140625,65.66999816894531,61.779998779296875,62.27000045776367,59.945701599121094,2057100,0.0,0.0
2016-06-28 00:00:00-04:00,63.5,64.08000183105469,61.83000183105469,62.970001220703125,60.61957550048828,2265900,0.0,0.0
2016-06-29 00:00:00-04:00,63.900001525878906,66.0,63.5,65.48999786376953,63.045494079589844,1701100,0.0,0.0
2016-06-30 00:00:00-04:00,65.9000015258789,67.12000274658203,64.68000030517578,67.0999984741211,64.59541320800781,1741300,0.0,0.0
2016-07-01 00:00:00-04:00,66.95999908447266,67.5,65.80999755859375,66.58000183105469,64.0948257446289,2127400,0.0,0.0
2016-07-05 00:00:00-04:00,65.87999725341797,66.33999633789062,62.630001068115234,63.470001220703125,61.10090255737305,1722900,0.0,0.0
2016-07-06 00:00:00-04:00,62.810001373291016,63.86000061035156,61.91999816894531,63.65999984741211,61.283817291259766,1897500,0.0,0.0
2016-07-07 00:00:00-04:00,64.1500015258789,65.73999786376953,63.79999923706055,64.62999725341797,62.21760177612305,1971300,0.0,0.0
2016-07-08 00:00:00-04:00,65.58999633789062,67.5999984741211,65.58999633789062,67.44000244140625,64.92272186279297,1274300,0.0,0.0
2016-07-11 00:00:00-04:00,68.08999633789062,69.22000122070312,68.05000305175781,68.26000213623047,65.71211242675781,966400,0.0,0.0
2016-07-12 00:00:00-04:00,69.37999725341797,70.55999755859375,69.22000122070312,70.29000091552734,67.66633605957031,1699900,0.0,0.0
2016-07-13 00:00:00-04:00,70.4800033569336,70.88999938964844,68.45999908447266,69.23999786376953,66.65552520751953,1536400,0.0,0.0
2016-07-14 00:00:00-04:00,68.73999786376953,70.05999755859375,67.80999755859375,69.58999633789062,66.99246978759766,1330000,0.0,0.0
2016-07-15 00:00:00-04:00,69.9800033569336,70.95999908447266,69.52999877929688,70.12000274658203,67.50267028808594,1403300,0.0,0.0
2016-07-18 00:00:00-04:00,69.87000274658203,69.87000274658203,68.6500015258789,69.18000030517578,66.59777069091797,1500400,0.0,0.0
2016-07-19 00:00:00-04:00,68.41000366210938,68.62999725341797,67.08999633789062,67.93000030517578,65.39442443847656,1816200,0.0,0.0
2016-07-20 00:00:00-04:00,68.0,70.08999633789062,67.63999938964844,69.86000061035156,67.25238800048828,2774400,0.0,0.0
2016-07-21 00:00:00-04:00,76.06999969482422,80.68000030517578,75.41000366210938,76.25,73.40389251708984,9557400,0.0,0.0
2016-07-22 00:00:00-04:00,76.88999938964844,78.58000183105469,75.51000213623047,78.22000122070312,75.30034637451172,3600000,0.0,0.0
2016-07-25 00:00:00-04:00,78.0999984741211,79.33000183105469,77.88999938964844,78.33999633789062,75.4158706665039,2383800,0.0,0.0
2016-07-26 00:00:00-04:00,78.30000305175781,80.3499984741211,78.25,80.04000091552734,77.05240631103516,2316200,0.0,0.0
2016-07-27 00:00:00-04:00,80.5999984741211,81.5,79.4800033569336,80.55000305175781,77.54338836669922,1841100,0.0,0.0
2016-07-28 00:00:00-04:00,80.33999633789062,80.5999984741211,78.94000244140625,79.83999633789062,76.85987091064453,1533300,0.0,0.0
2016-07-29 00:00:00-04:00,79.62000274658203,80.0,78.66000366210938,79.66999816894531,76.69622802734375,1582600,0.0,0.0
2016-08-01 00:00:00-04:00,79.62999725341797,79.6500015258789,76.79000091552734,77.3499984741211,74.46282196044922,2461800,0.0,0.0
2016-08-02 00:00:00-04:00,77.58000183105469,78.05000305175781,74.33000183105469,75.31999969482422,72.50859069824219,2224600,0.0,0.0
2016-08-03 00:00:00-04:00,75.47000122070312,76.70999908447266,75.31999969482422,76.5999984741211,73.74080657958984,1284700,0.0,0.0
2016-08-04 00:00:00-04:00,76.16999816894531,77.22000122070312,75.93000030517578,76.93000030517578,74.05848693847656,1222900,0.0,0.0
2016-08-05 00:00:00-04:00,77.5199966430664,79.79000091552734,77.2300033569336,79.44999694824219,76.48442077636719,1803900,0.0,0.0
2016-08-08 00:00:00-04:00,79.95999908447266,80.76000213623047,79.08000183105469,79.47000122070312,76.5036849975586,1017500,0.0,0.0
2016-08-09 00:00:00-04:00,79.0999984741211,80.81999969482422,78.52999877929688,78.83999633789062,75.89720916748047,1409800,0.0,0.0
2016-08-10 00:00:00-04:00,79.23999786376953,79.30000305175781,77.73999786376953,77.86000061035156,74.95378875732422,1056400,0.0,0.0
2016-08-11 00:00:00-04:00,78.48999786376953,79.41999816894531,78.01000213623047,78.88999938964844,75.9453353881836,1389700,0.0,0.0
2016-08-12 00:00:00-04:00,78.68000030517578,79.47000122070312,77.8499984741211,78.37000274658203,75.44473266601562,1223300,0.0,0.0
2016-08-15 00:00:00-04:00,78.66999816894531,79.69000244140625,78.63999938964844,79.2300033569336,76.27264404296875,1160200,0.0,0.0
2016-08-16 00:00:00-04:00,79.08000183105469,79.25,77.7699966430664,77.87999725341797,74.97303771972656,1154200,0.0,0.0
2016-08-17 00:00:00-04:00,77.91999816894531,78.05000305175781,77.16000366210938,77.62000274658203,74.72274780273438,1035200,0.0,0.0
2016-08-18 00:00:00-04:00,78.16000366210938,81.37000274658203,78.16000366210938,80.80999755859375,77.79367065429688,2106100,0.0,0.0
2016-08-19 00:00:00-04:00,80.23999786376953,80.56999969482422,79.12000274658203,80.2300033569336,77.23532104492188,1387900,0.0,0.0
2016-08-22 00:00:00-04:00,79.68000030517578,80.51000213623047,79.01000213623047,80.12999725341797,77.13903045654297,1128400,0.0,0.0
2016-08-23 00:00:00-04:00,80.7300033569336,82.5,80.69000244140625,82.12000274658203,79.0547866821289,1774600,0.0,0.0
2016-08-24 00:00:00-04:00,81.95999908447266,82.83000183105469,80.68000030517578,80.95999908447266,77.93807983398438,1482300,0.0,0.0
2016-08-25 00:00:00-04:00,80.7300033569336,81.61000061035156,80.5999984741211,81.20999908447266,78.1787338256836,933000,0.0,0.0
2016-08-26 00:00:00-04:00,81.56999969482422,83.76000213623047,81.41999816894531,82.26000213623047,79.18955993652344,1867700,0.0,0.0
2016-08-29 00:00:00-04:00,82.25,83.58999633789062,82.05999755859375,82.88999938964844,79.79601287841797,1067200,0.0,0.0
2016-08-30 00:00:00-04:00,82.88999938964844,83.66999816894531,82.26000213623047,82.81999969482422,79.72864532470703,1019100,0.0,0.0
2016-08-31 00:00:00-04:00,82.5,82.5999984741211,80.77999877929688,82.30999755859375,79.23767852783203,1695500,0.0,0.0
2016-09-01 00:00:00-04:00,82.0,82.30000305175781,79.69999694824219,81.16000366210938,78.13060760498047,1383800,0.0,0.0
2016-09-02 00:00:00-04:00,81.94999694824219,83.04000091552734,81.68000030517578,81.95999908447266,78.90074157714844,936700,0.0,0.0
2016-09-06 00:00:00-04:00,81.95999908447266,82.3499984741211,81.33999633789062,81.95999908447266,78.90074157714844,978900,0.0,0.0
2016-09-07 00:00:00-04:00,82.5199966430664,84.0,81.98999786376953,83.91999816894531,80.78759765625,1869400,0.0,0.0
2016-09-08 00:00:00-04:00,83.87999725341797,84.62999725341797,82.8499984741211,83.87999725341797,80.74906921386719,1333000,0.0,0.0
2016-09-09 00:00:00-04:00,82.4000015258789,82.70999908447266,77.87999725341797,77.9000015258789,74.99229431152344,2616300,0.0,0.0
2016-09-12 00:00:00-04:00,77.02999877929688,80.02999877929688,76.54000091552734,79.87999725341797,76.89837646484375,2000400,0.0,0.0
2016-09-13 00:00:00-04:00,78.66000366210938,79.08999633789062,76.52999877929688,77.01000213623047,74.13551330566406,2349500,0.0,0.0
2016-09-14 00:00:00-04:00,77.16999816894531,79.08999633789062,76.62000274658203,78.69000244140625,75.75279998779297,1829500,0.0,0.0
2016-09-15 00:00:00-04:00,78.72000122070312,79.62999725341797,78.19000244140625,79.30999755859375,76.34964752197266,1339000,0.0,0.0
2016-09-16 00:00:00-04:00,78.31999969482422,78.68000030517578,77.06999969482422,77.63999938964844,74.74200439453125,2139400,0.0,0.0
2016-09-19 00:00:00-04:00,78.7699966430664,80.33000183105469,78.44999694824219,79.18000030517578,76.22451782226562,1172100,0.0,0.0
2016-09-20 00:00:00-04:00,79.48999786376953,79.48999786376953,75.55999755859375,75.55999755859375,72.73963928222656,2470500,0.0,0.0
2016-09-21 00:00:00-04:00,76.33999633789062,76.97000122070312,74.5999984741211,75.66000366210938,72.83590698242188,2639000,0.0,0.0
2016-09-22 00:00:00-04:00,76.41999816894531,76.88999938964844,74.97000122070312,75.38999938964844,72.57598876953125,2331000,0.0,0.0
2016-09-23 00:00:00-04:00,75.27999877929688,77.23999786376953,74.98999786376953,75.55000305175781,72.72999572753906,2158100,0.0,0.0
2016-09-26 00:00:00-04:00,75.36000061035156,76.0,73.81999969482422,73.94999694824219,71.18971252441406,1994300,0.0,0.0
2016-09-27 00:00:00-04:00,73.5199966430664,73.94999694824219,72.8499984741211,73.22000122070312,70.48697662353516,1916200,0.0,0.0
2016-09-28 00:00:00-04:00,73.47000122070312,75.29000091552734,73.2300033569336,75.13999938964844,72.33528900146484,2529100,0.0,0.0
2016-09-29 00:00:00-04:00,75.0,76.9800033569336,74.76000213623047,76.33999633789062,73.4905014038086,2522400,0.0,0.0
2016-09-30 00:00:00-04:00,77.11000061035156,78.91000366210938,76.86000061035156,78.48999786376953,75.56025695800781,2598300,0.0,0.0
2016-10-03 00:00:00-04:00,78.37999725341797,79.54000091552734,78.0199966430664,78.93000030517578,75.98384094238281,1657900,0.0,0.0
2016-10-04 00:00:00-04:00,80.1500015258789,80.87999725341797,78.83000183105469,79.16000366210938,76.20526123046875,1970000,0.0,0.0
2016-10-05 00:00:00-04:00,79.9800033569336,81.54000091552734,79.62999725341797,80.58000183105469,77.57225036621094,2055400,0.0,0.0
2016-10-06 00:00:00-04:00,80.63999938964844,83.55999755859375,80.63999938964844,83.20999908447266,80.10406494140625,2570600,0.0,0.0
2016-10-07 00:00:00-04:00,82.83000183105469,82.83000183105469,80.41999816894531,80.76000213623047,77.74554443359375,2086300,0.0,0.0
2016-10-10 00:00:00-04:00,81.38999938964844,82.23999786376953,80.69000244140625,81.27999877929688,78.24612426757812,1316800,0.0,0.0
2016-10-11 00:00:00-04:00,81.27999877929688,81.27999877929688,78.94000244140625,79.5,76.5325698852539,1341000,0.0,0.0
2016-10-12 00:00:00-04:00,79.61000061035156,80.55999755859375,79.18000030517578,80.18000030517578,77.18716430664062,1073900,0.0,0.0
2016-10-13 00:00:00-04:00,79.12999725341797,79.16000366210938,77.16999816894531,78.20999908447266,75.29071807861328,1542500,0.0,0.0
2016-10-14 00:00:00-04:00,76.38999938964844,76.9000015258789,75.05000305175781,75.2699966430664,72.46044158935547,2695600,0.0,0.0
2016-10-17 00:00:00-04:00,74.91000366210938,76.0199966430664,74.30999755859375,75.69999694824219,72.87439727783203,2203100,0.0,0.0
2016-10-18 00:00:00-04:00,76.86000061035156,77.22000122070312,76.05999755859375,76.44000244140625,73.5867919921875,1768600,0.0,0.0
2016-10-19 00:00:00-04:00,76.6500015258789,76.8499984741211,75.44000244140625,75.58000183105469,72.75888061523438,2826300,0.0,0.0
2016-10-20 00:00:00-04:00,80.0,81.5,77.04000091552734,79.12999725341797,76.17636108398438,4268700,0.0,0.0
2016-10-21 00:00:00-04:00,78.30000305175781,79.80000305175781,78.04000091552734,79.18000030517578,76.22451782226562,1785400,0.0,0.0
2016-10-24 00:00:00-04:00,78.6500015258789,78.6500015258789,76.3499984741211,76.56999969482422,73.7119369506836,2169800,0.0,0.0
2016-10-25 00:00:00-04:00,76.19999694824219,77.4800033569336,75.5999984741211,76.48999786376953,73.6349105834961,1967700,0.0,0.0
2016-10-26 00:00:00-04:00,75.91999816894531,76.81999969482422,75.30999755859375,76.19000244140625,73.34611511230469,1834500,0.0,0.0
2016-10-27 00:00:00-04:00,76.58999633789062,76.77999877929688,75.4000015258789,76.2699966430664,73.42312622070312,1358500,0.0,0.0
2016-10-28 00:00:00-04:00,76.36000061035156,76.72000122070312,74.86000061035156,75.38999938964844,72.57598876953125,1381000,0.0,0.0
2016-10-31 00:00:00-04:00,75.5999984741211,75.94999694824219,74.9000015258789,75.66000366210938,72.83590698242188,1361500,0.0,0.0
2016-11-01 00:00:00-04:00,75.88999938964844,76.05999755859375,72.26000213623047,73.02999877929688,70.30406951904297,1943100,0.0,0.0
2016-11-02 00:00:00-04:00,72.61000061035156,73.36000061035156,70.58000183105469,70.91999816894531,68.27281951904297,2378300,0.0,0.0
2016-11-03 00:00:00-04:00,71.30999755859375,73.02999877929688,70.73999786376953,72.29000091552734,69.59169006347656,2340100,0.0,0.0
2016-11-04 00:00:00-04:00,72.37000274658203,73.75,71.55000305175781,72.16000366210938,69.466552734375,1783800,0.0,0.0
2016-11-07 00:00:00-05:00,74.38999938964844,76.16000366210938,74.23999786376953,76.11000061035156,73.26910400390625,1712200,0.0,0.0
2016-11-08 00:00:00-05:00,75.4000015258789,76.23999786376953,74.43000030517578,75.87000274658203,73.0380630493164,1817200,0.0,0.0
2016-11-09 00:00:00-05:00,82.9000015258789,90.06999969482422,82.69999694824219,88.86000061035156,85.54319763183594,9739000,0.0,0.0
2016-11-10 00:00:00-05:00,89.04000091552734,92.80000305175781,88.45999908447266,89.5,86.15929412841797,4807100,0.0,0.0
2016-11-11 00:00:00-05:00,88.95999908447266,91.2300033569336,88.16999816894531,91.19999694824219,87.79584503173828,2953200,0.0,0.0
2016-11-14 00:00:00-05:00,91.9000015258789,96.5999984741211,91.27999877929688,94.69000244140625,91.15558624267578,3713600,0.0,0.0
2016-11-15 00:00:00-05:00,93.91000366210938,94.18000030517578,91.56999969482422,94.13999938964844,90.62611389160156,2062700,0.0,0.0
2016-11-16 00:00:00-05:00,91.01000213623047,93.19999694824219,90.77999877929688,92.12000274658203,88.68151092529297,1948100,0.0,0.0
2016-11-17 00:00:00-05:00,92.0,92.87999725341797,91.51000213623047,92.2300033569336,88.78740692138672,1181100,0.0,0.0
2016-11-18 00:00:00-05:00,92.73999786376953,92.80000305175781,90.7699966430664,90.94999694824219,87.55517578125,1449700,0.0,0.0
2016-11-21 00:00:00-05:00,92.0,94.1500015258789,91.72000122070312,93.86000061035156,90.3565673828125,2048400,0.0,0.0
2016-11-22 00:00:00-05:00,94.38999938964844,94.5999984741211,93.27999877929688,94.05999755859375,90.54908752441406,1380900,0.0,0.0
2016-11-23 00:00:00-05:00,94.2300033569336,97.66999816894531,94.2300033569336,97.3499984741211,93.71629333496094,2445700,0.0,0.0
2016-11-25 00:00:00-05:00,97.3499984741211,98.12000274658203,96.76000213623047,98.12000274658203,94.45755767822266,652300,0.0,0.0
2016-11-28 00:00:00-05:00,97.11000061035156,97.93000030517578,94.83000183105469,96.19000244140625,92.5995864868164,1977600,0.0,0.0
2016-11-29 00:00:00-05:00,94.58999633789062,97.29000091552734,94.19999694824219,96.30000305175781,92.70547485351562,1586900,0.0,0.0
2016-11-30 00:00:00-05:00,98.51000213623047,101.87000274658203,98.51000213623047,101.11000061035156,97.3359603881836,3275400,0.0,0.0
2016-12-01 00:00:00-05:00,101.47000122070312,105.69999694824219,101.25,104.29000091552734,100.39724731445312,3847700,0.0,0.0
2016-12-02 00:00:00-05:00,103.88999938964844,105.56999969482422,103.25,104.8499984741211,100.93635559082031,2206800,0.0,0.0
2016-12-05 00:00:00-05:00,105.2699966430664,106.41999816894531,104.87000274658203,105.30999755859375,101.37916564941406,1904000,0.0,0.0
2016-12-06 00:00:00-05:00,104.62000274658203,107.58000183105469,104.4000015258789,107.16999816894531,103.16974639892578,1524900,0.0,0.0
2016-12-07 00:00:00-05:00,107.0199966430664,109.75,106.76000213623047,109.12000274658203,105.04695892333984,1927000,0.0,0.0
2016-12-08 00:00:00-05:00,109.38999938964844,109.9000015258789,106.58999633789062,108.30000305175781,104.257568359375,1872000,0.0,0.0
2016-12-09 00:00:00-05:00,108.68000030517578,109.62999725341797,107.25,108.0,103.9687728881836,1527600,0.0,0.0
2016-12-12 00:00:00-05:00,108.68000030517578,108.83000183105469,103.70999908447266,107.02999877929688,103.03497314453125,1848400,0.0,0.0
2016-12-13 00:00:00-05:00,106.87999725341797,107.4000015258789,105.36000061035156,106.30000305175781,102.33222198486328,1602500,0.0,0.0
2016-12-14 00:00:00-05:00,105.58999633789062,107.16000366210938,104.6500015258789,105.05000305175781,101.12889099121094,1399600,0.0,0.0
2016-12-15 00:00:00-05:00,104.87999725341797,108.23999786376953,104.22000122070312,107.13999938964844,103.140869140625,1906900,0.0,0.0
2016-12-16 00:00:00-05:00,107.41999816894531,107.48999786376953,105.55999755859375,105.70999908447266,101.76424407958984,1998200,0.0,0.0
2016-12-19 00:00:00-05:00,106.18000030517578,107.68000030517578,105.63999938964844,106.2699966430664,102.30332946777344,982000,0.0,0.0
2016-12-20 00:00:00-05:00,106.45999908447266,108.05999755859375,106.13999938964844,107.25,103.24675750732422,1013800,0.0,0.0
2016-12-21 00:00:00-05:00,107.05999755859375,108.62000274658203,106.94999694824219,108.4800033569336,104.43086242675781,1480700,0.0,0.0
2016-12-22 00:00:00-05:00,108.26000213623047,108.9800033569336,106.11000061035156,106.86000061035156,102.87133026123047,1047500,0.0,0.0
2016-12-23 00:00:00-05:00,107.45999908447266,108.52999877929688,107.45999908447266,108.05999755859375,104.02651977539062,539600,0.0,0.0
2016-12-27 00:00:00-05:00,108.5,109.30999755859375,108.25,108.58000183105469,104.5271224975586,584200,0.0,0.0
2016-12-28 00:00:00-05:00,108.76000213623047,109.55000305175781,105.7300033569336,106.20999908447266,102.24557495117188,1170000,0.0,0.0
2016-12-29 00:00:00-05:00,106.58000183105469,107.7699966430664,105.87000274658203,106.69999694824219,102.71728515625,751600,0.0,0.0
2016-12-30 00:00:00-05:00,107.0999984741211,107.55000305175781,104.69999694824219,105.58000183105469,101.63909912109375,1168500,0.0,0.0
2017-01-03 00:00:00-05:00,107.87999725341797,110.79000091552734,107.30000305175781,109.30999755859375,105.22987365722656,1903200,0.0,0.0
2017-01-04 00:00:00-05:00,109.5,110.5,108.4000015258789,109.87000274658203,105.76898193359375,1090200,0.0,0.0
2017-01-05 00:00:00-05:00,109.9000015258789,111.80999755859375,108.22000122070312,110.1500015258789,106.03849792480469,1348300,0.0,0.0
2017-01-06 00:00:00-05:00,110.29000091552734,111.0,108.91000366210938,109.37999725341797,105.2972640991211,1147800,0.0,0.0
2017-01-09 00:00:00-05:00,108.12000274658203,108.9000015258789,106.12000274658203,106.16000366210938,102.19746398925781,1811400,0.0,0.0
2017-01-10 00:00:00-05:00,106.80999755859375,110.61000061035156,106.80999755859375,108.9000015258789,104.83516693115234,2138800,0.0,0.0
2017-01-11 00:00:00-05:00,108.91000366210938,109.98999786376953,107.69000244140625,109.26000213623047,105.1817398071289,1538500,0.0,0.0
2017-01-12 00:00:00-05:00,109.0,109.3499984741211,105.33000183105469,106.54000091552734,102.5632553100586,1490800,0.0,0.0
2017-01-13 00:00:00-05:00,106.5,108.30000305175781,106.23999786376953,107.05000305175781,103.05422973632812,953600,0.0,0.0
2017-01-17 00:00:00-05:00,106.72000122070312,108.11000061035156,105.6500015258789,107.2300033569336,103.22750854492188,1219600,0.0,0.0
2017-01-18 00:00:00-05:00,107.47000122070312,111.30000305175781,107.08999633789062,111.0199966430664,106.87604522705078,2067500,0.0,0.0
2017-01-19 00:00:00-05:00,110.70999908447266,112.5,109.61000061035156,110.44999694824219,106.32733917236328,1614700,0.0,0.0
2017-01-20 00:00:00-05:00,110.9800033569336,111.94999694824219,110.44000244140625,111.19000244140625,107.03970336914062,1252300,0.0,0.0
2017-01-23 00:00:00-05:00,110.9800033569336,111.25,109.41000366210938,110.11000061035156,106.00000762939453,1312200,0.0,0.0
2017-01-24 00:00:00-05:00,111.1500015258789,114.47000122070312,110.52999877929688,113.61000061035156,109.36935424804688,1783800,0.0,0.0
2017-01-25 00:00:00-05:00,115.0,115.61000061035156,112.58999633789062,114.26000213623047,109.99510955810547,3048100,0.0,0.0
2017-01-26 00:00:00-05:00,123.41999816894531,129.38999938964844,122.05000305175781,127.05999755859375,122.31734466552734,6527800,0.0,0.0
2017-01-27 00:00:00-05:00,126.5999984741211,128.63999938964844,125.19999694824219,128.25999450683594,123.47252655029297,2471200,0.0,0.0
2017-01-30 00:00:00-05:00,128.74000549316406,128.92999267578125,124.72000122070312,128.77000427246094,123.96351623535156,2762400,0.0,0.0
2017-01-31 00:00:00-05:00,129.0,129.60000610351562,124.12999725341797,126.51000213623047,121.7878646850586,3671200,0.0,0.0
2017-02-01 00:00:00-05:00,127.52999877929688,131.19000244140625,127.52999877929688,129.88999938964844,125.04170227050781,2867700,0.0,0.0
2017-02-02 00:00:00-05:00,127.33999633789062,128.89999389648438,126.27999877929688,127.08999633789062,122.34619140625,1764500,0.0,0.0
2017-02-03 00:00:00-05:00,127.81999969482422,129.60000610351562,127.81999969482422,128.64999389648438,123.84796142578125,1576400,0.0,0.0
2017-02-06 00:00:00-05:00,127.80000305175781,128.72000122070312,125.87999725341797,126.30999755859375,121.59532928466797,1382400,0.0,0.0
2017-02-07 00:00:00-05:00,126.68000030517578,127.48999786376953,125.4000015258789,126.23999786376953,121.52793884277344,1255000,0.0,0.0
2017-02-08 00:00:00-05:00,125.88999938964844,125.88999938964844,123.05999755859375,124.6500015258789,119.99728393554688,1863400,0.0,0.0
2017-02-09 00:00:00-05:00,124.6500015258789,126.63999938964844,123.7699966430664,125.44000244140625,120.75779724121094,1531900,0.0,0.0
2017-02-10 00:00:00-05:00,126.1500015258789,127.54000091552734,125.38999938964844,127.12000274658203,122.37509155273438,1313700,0.0,0.0
2017-02-13 00:00:00-05:00,127.30999755859375,128.91000366210938,127.1500015258789,127.77999877929688,123.01045989990234,1789800,0.0,0.0
2017-02-14 00:00:00-05:00,127.23999786376953,129.0,126.05999755859375,128.7899932861328,123.98274993896484,952900,0.0,0.0
2017-02-15 00:00:00-05:00,128.5,129.57000732421875,127.19000244140625,129.17999267578125,124.3581771850586,1135200,0.0,0.0
2017-02-16 00:00:00-05:00,128.6699981689453,129.27999877929688,126.43000030517578,127.86000061035156,123.08746337890625,989600,0.0,0.0
2017-02-17 00:00:00-05:00,126.94999694824219,126.94999694824219,125.0199966430664,126.02999877929688,121.32577514648438,1120700,0.0,0.0
2017-02-21 00:00:00-05:00,126.6500015258789,129.52000427246094,126.44000244140625,128.92999267578125,124.11751556396484,1311900,0.0,0.0
2017-02-22 00:00:00-05:00,127.83999633789062,128.13999938964844,126.3499984741211,128.05999755859375,123.27999114990234,1124800,0.0,0.0
2017-02-23 00:00:00-05:00,129.05999755859375,129.86000061035156,120.33999633789062,120.9000015258789,116.38726043701172,3066000,0.0,0.0
2017-02-24 00:00:00-05:00,119.36000061035156,124.69999694824219,119.11000061035156,124.1500015258789,119.51596069335938,2269400,0.0,0.0
2017-02-27 00:00:00-05:00,124.70999908447266,128.86000061035156,124.20999908447266,128.2100067138672,123.4244155883789,1748900,0.0,0.0
2017-02-28 00:00:00-05:00,126.80999755859375,128.69000244140625,126.0,128.02999877929688,123.2511215209961,1539700,0.0,0.0
2017-03-01 00:00:00-05:00,130.7899932861328,134.27999877929688,130.77000427246094,133.36000061035156,128.38217163085938,2489100,0.0,0.0
2017-03-02 00:00:00-05:00,133.11000061035156,133.24000549316406,128.64999389648438,129.00999450683594,124.19454956054688,1962800,0.0,0.0
2017-03-03 00:00:00-05:00,129.00999450683594,130.14999389648438,126.91999816894531,128.72000122070312,123.91537475585938,1467900,0.0,0.0
2017-03-06 00:00:00-05:00,127.22000122070312,130.16000366210938,126.9000015258789,129.77999877929688,124.93577575683594,1443600,0.0,0.0
2017-03-07 00:00:00-05:00,129.3699951171875,130.5,127.45999908447266,128.14999389648438,123.36663055419922,1497100,0.0,0.0
2017-03-08 00:00:00-05:00,129.0800018310547,129.97999572753906,124.16000366210938,124.30000305175781,119.66036224365234,2009300,0.0,0.0
2017-03-09 00:00:00-05:00,124.0,125.22000122070312,120.58999633789062,121.9800033569336,117.42693328857422,3077000,0.0,0.0
2017-03-10 00:00:00-05:00,123.8499984741211,124.80000305175781,121.33999633789062,122.94999694824219,118.36072540283203,1454000,0.0,0.0
2017-03-13 00:00:00-04:00,122.9800033569336,125.05999755859375,122.9800033569336,124.19999694824219,119.5640869140625,1362800,0.0,0.0
2017-03-14 00:00:00-04:00,122.16000366210938,122.18000030517578,119.30000305175781,122.12000274658203,117.56172943115234,2049200,0.0,0.0
2017-03-15 00:00:00-04:00,123.19999694824219,127.04000091552734,122.76000213623047,126.3499984741211,121.63384246826172,2135100,0.0,0.0
2017-03-16 00:00:00-04:00,127.0,128.4600067138672,124.91999816894531,125.27999877929688,120.603759765625,1369700,0.0,0.0
2017-03-17 00:00:00-04:00,125.72000122070312,126.77999877929688,125.1500015258789,125.19000244140625,120.51713562011719,977700,0.0,0.0
2017-03-20 00:00:00-04:00,124.47000122070312,125.83999633789062,123.01000213623047,124.98999786376953,120.3246078491211,950000,0.0,0.0
2017-03-21 00:00:00-04:00,125.33000183105469,125.75,119.58999633789062,120.01000213623047,115.53047943115234,1795400,0.0,0.0
2017-03-22 00:00:00-04:00,119.33000183105469,121.4800033569336,118.13999938964844,120.37999725341797,115.88668060302734,1393800,0.0,0.0
2017-03-23 00:00:00-04:00,119.69999694824219,122.4800033569336,119.43000030517578,120.81999969482422,116.31024932861328,1058600,0.0,0.0
2017-03-24 00:00:00-04:00,121.33000183105469,122.75,119.52999877929688,120.69000244140625,116.18511199951172,1259800,0.0,0.0
2017-03-27 00:00:00-04:00,117.45999908447266,120.01000213623047,115.0999984741211,119.55999755859375,115.09728240966797,1422400,0.0,0.0
2017-03-28 00:00:00-04:00,119.58999633789062,124.66000366210938,119.22000122070312,123.23999786376953,118.6399154663086,1636600,0.0,0.0
2017-03-29 00:00:00-04:00,123.05999755859375,125.02999877929688,122.56999969482422,123.63999938964844,119.02498626708984,1069600,0.0,0.0
2017-03-30 00:00:00-04:00,123.66000366210938,124.55000305175781,122.97000122070312,124.16999816894531,119.53518676757812,873600,0.0,0.0
2017-03-31 00:00:00-04:00,123.3499984741211,126.19000244140625,123.18000030517578,125.05000305175781,120.38236999511719,979300,0.0,0.0
2017-04-03 00:00:00-04:00,125.11000061035156,125.27999877929688,121.62000274658203,123.83000183105469,119.20790100097656,1258000,0.0,0.0
2017-04-04 00:00:00-04:00,123.12000274658203,124.88999938964844,122.7300033569336,123.7699966430664,119.15013122558594,831500,0.0,0.0
2017-04-05 00:00:00-04:00,125.0,126.7699966430664,120.27999877929688,121.05999755859375,116.54129028320312,1657500,0.0,0.0
2017-04-06 00:00:00-04:00,121.51000213623047,124.95999908447266,121.19999694824219,124.0,119.3715591430664,1263300,0.0,0.0
2017-04-07 00:00:00-04:00,123.58999633789062,125.43000030517578,123.08000183105469,123.41000366210938,118.80358123779297,1264600,0.0,0.0
2017-04-10 00:00:00-04:00,124.37000274658203,126.56999969482422,123.94000244140625,125.95999908447266,121.25839233398438,1442300,0.0,0.0
2017-04-11 00:00:00-04:00,125.98999786376953,126.55999755859375,124.0199966430664,125.93000030517578,121.22952270507812,954200,0.0,0.0
2017-04-12 00:00:00-04:00,125.55999755859375,126.05999755859375,120.81999969482422,121.12999725341797,116.6086654663086,1506000,0.0,0.0
2017-04-13 00:00:00-04:00,121.31999969482422,123.20999908447266,119.25,119.29000091552734,114.83734893798828,1324200,0.0,0.0
2017-04-17 00:00:00-04:00,120.01000213623047,120.97000122070312,119.05000305175781,120.94999694824219,116.4354019165039,1302900,0.0,0.0
2017-04-18 00:00:00-04:00,119.7699966430664,120.51000213623047,117.93000030517578,119.86000061035156,115.3860855102539,1338900,0.0,0.0
2017-04-19 00:00:00-04:00,120.95999908447266,122.58999633789062,118.9800033569336,119.44999694824219,114.99137878417969,2840100,0.0,0.0
2017-04-20 00:00:00-04:00,113.73999786376953,114.63999938964844,110.5999984741211,113.23999786376953,109.01317596435547,6931700,0.0,0.0
2017-04-21 00:00:00-04:00,112.9000015258789,113.25,108.81999969482422,111.45999908447266,107.29961395263672,3743400,0.0,0.0
2017-04-24 00:00:00-04:00,113.70999908447266,114.79000091552734,113.11000061035156,113.55999755859375,109.32122039794922,2589200,0.0,0.0
2017-04-25 00:00:00-04:00,114.3499984741211,115.2300033569336,112.52999877929688,113.30000305175781,109.07093811035156,2021300,0.0,0.0
2017-04-26 00:00:00-04:00,113.30000305175781,114.86000061035156,113.16999816894531,113.4000015258789,109.16722106933594,1534400,0.0,0.0
2017-04-27 00:00:00-04:00,112.88999938964844,113.4000015258789,108.01000213623047,109.5199966430664,105.4320297241211,2798800,0.0,0.0
2017-04-28 00:00:00-04:00,111.94000244140625,112.87999725341797,109.2300033569336,109.66000366210938,105.56681823730469,2562300,0.0,0.0
2017-05-01 00:00:00-04:00,109.80999755859375,110.0,107.05999755859375,108.87999725341797,104.81591796875,1639600,0.0,0.0
2017-05-02 00:00:00-04:00,108.9800033569336,109.77999877929688,107.62000274658203,108.62000274658203,104.56562042236328,1400900,0.0,0.0
2017-05-03 00:00:00-04:00,107.66999816894531,108.7699966430664,106.61000061035156,107.69999694824219,103.67996215820312,1434300,0.0,0.0
2017-05-04 00:00:00-04:00,107.69999694824219,107.93000030517578,105.7300033569336,107.36000061035156,103.35265350341797,1606000,0.0,0.0
2017-05-05 00:00:00-04:00,107.56999969482422,109.05000305175781,106.8499984741211,108.95999908447266,104.89293670654297,1365300,0.0,0.0
2017-05-08 00:00:00-04:00,110.73999786376953,112.1500015258789,110.68000030517578,111.68000030517578,107.51139831542969,2212800,0.0,0.0
2017-05-09 00:00:00-04:00,112.0199966430664,112.55000305175781,111.06999969482422,111.69999694824219,107.5306625366211,1324200,0.0,0.0
2017-05-10 00:00:00-04:00,111.75,114.94999694824219,111.37000274658203,114.2300033569336,109.96624755859375,1779700,0.0,0.0
2017-05-11 00:00:00-04:00,113.80000305175781,115.16999816894531,111.37999725341797,114.43000030517578,110.15876770019531,1491400,0.0,0.0
2017-05-12 00:00:00-04:00,113.5999984741211,113.66000366210938,111.23999786376953,112.16000366210938,107.97348022460938,1200100,0.0,0.0
2017-05-15 00:00:00-04:00,113.12999725341797,114.75,112.6500015258789,113.83000183105469,109.58116149902344,1333000,0.0,0.0
2017-05-16 00:00:00-04:00,113.68000030517578,114.0199966430664,110.62000274658203,111.72000122070312,107.54991912841797,1358000,0.0,0.0
2017-05-17 00:00:00-04:00,111.72000122070312,111.72000122070312,104.72000122070312,105.0999984741211,101.17701721191406,2397800,0.0,0.0
2017-05-18 00:00:00-04:00,104.20999908447266,107.4000015258789,102.7300033569336,106.5,102.5247573852539,2588700,0.0,0.0
2017-05-19 00:00:00-04:00,106.91999816894531,110.58999633789062,106.91000366210938,110.0999984741211,105.99039459228516,1706200,0.0,0.0
2017-05-22 00:00:00-04:00,110.68000030517578,111.26000213623047,109.19000244140625,110.5999984741211,106.47171783447266,1007000,0.0,0.0
2017-05-23 00:00:00-04:00,110.58000183105469,111.30999755859375,109.26000213623047,111.30000305175781,107.14559936523438,1047900,0.0,0.0
2017-05-24 00:00:00-04:00,111.20999908447266,113.3499984741211,110.2699966430664,110.80999755859375,106.67388153076172,1457300,0.0,0.0
2017-05-25 00:00:00-04:00,110.86000061035156,113.93000030517578,110.26000213623047,111.4000015258789,107.24187469482422,1684900,0.0,0.0
2017-05-26 00:00:00-04:00,111.0,111.86000061035156,109.94999694824219,111.16999816894531,107.02043914794922,787000,0.0,0.0
2017-05-30 00:00:00-04:00,110.7300033569336,112.06999969482422,109.97000122070312,110.6500015258789,106.51985931396484,1122100,0.0,0.0
2017-05-31 00:00:00-04:00,110.3499984741211,111.06999969482422,106.31999969482422,108.7300033569336,104.67153930664062,2129400,0.0,0.0
2017-06-01 00:00:00-04:00,109.58000183105469,112.36000061035156,109.0,109.97000122070312,105.865234375,1759300,0.0,0.0
2017-06-02 00:00:00-04:00,109.66000366210938,109.70999908447266,108.16000366210938,108.48999786376953,104.44047546386719,1582700,0.0,0.0
2017-06-05 00:00:00-04:00,108.4000015258789,108.4000015258789,104.23999786376953,105.73999786376953,101.79312133789062,2856400,0.0,0.0
2017-06-06 00:00:00-04:00,105.05000305175781,106.58999633789062,103.4800033569336,106.31999969482422,102.35147857666016,1993800,0.0,0.0
2017-06-07 00:00:00-04:00,106.66999816894531,106.80999755859375,104.58000183105469,105.26000213623047,101.33103942871094,1496200,0.0,0.0
2017-06-08 00:00:00-04:00,105.26000213623047,108.08000183105469,104.87000274658203,106.54000091552734,102.5632553100586,1242900,0.0,0.0
2017-06-09 00:00:00-04:00,106.83999633789062,110.80000305175781,106.61000061035156,110.22000122070312,106.10590362548828,2118200,0.0,0.0
2017-06-12 00:00:00-04:00,110.66999816894531,111.81999969482422,109.91999816894531,111.81999969482422,107.64618682861328,1946400,0.0,0.0
2017-06-13 00:00:00-04:00,111.3499984741211,111.94999694824219,109.63999938964844,111.66000366210938,107.49214935302734,1614900,0.0,0.0
2017-06-14 00:00:00-04:00,111.23999786376953,111.23999786376953,104.06999969482422,104.80999755859375,100.89784240722656,3048800,0.0,0.0
2017-06-15 00:00:00-04:00,103.76000213623047,105.66999816894531,102.86000061035156,103.48999786376953,99.62711334228516,2141300,0.0,0.0
2017-06-16 00:00:00-04:00,103.66000366210938,105.22000122070312,102.7300033569336,105.19999694824219,101.27327728271484,1882200,0.0,0.0
2017-06-19 00:00:00-04:00,105.63999938964844,107.44999694824219,105.37999725341797,106.94999694824219,102.95795440673828,1018200,0.0,0.0
2017-06-20 00:00:00-04:00,106.22000122070312,106.22000122070312,102.41999816894531,103.91000366210938,100.03143310546875,2093100,0.0,0.0
2017-06-21 00:00:00-04:00,104.26000213623047,104.73999786376953,100.62000274658203,101.62000274658203,97.82691955566406,1902800,0.0,0.0
2017-06-22 00:00:00-04:00,102.16999816894531,104.3499984741211,101.30000305175781,103.81999969482422,99.94479370117188,1377000,0.0,0.0
2017-06-23 00:00:00-04:00,104.0,105.76000213623047,103.27999877929688,104.8499984741211,100.93635559082031,1580000,0.0,0.0
2017-06-26 00:00:00-04:00,104.95999908447266,107.18000030517578,104.95999908447266,106.11000061035156,102.14930725097656,862300,0.0,0.0
2017-06-27 00:00:00-04:00,106.79000091552734,108.6500015258789,105.75,105.77999877929688,101.83162689208984,1292700,0.0,0.0
2017-06-28 00:00:00-04:00,107.08999633789062,109.08999633789062,106.81999969482422,108.48999786376953,104.44047546386719,1264300,0.0,0.0
2017-06-29 00:00:00-04:00,109.70999908447266,113.66000366210938,108.79000091552734,109.69999694824219,105.60530853271484,2428400,0.0,0.0
2017-06-30 00:00:00-04:00,110.70999908447266,113.87000274658203,110.5199966430664,112.70999908447266,108.50296020507812,2065200,0.0,0.0
2017-07-03 00:00:00-04:00,113.5999984741211,115.08000183105469,112.5999984741211,113.20999908447266,108.98430633544922,747900,0.0,0.0
2017-07-05 00:00:00-04:00,113.76000213623047,117.55000305175781,112.76000213623047,114.2699966430664,110.0047378540039,1905800,0.0,0.0
2017-07-06 00:00:00-04:00,114.18000030517578,115.4000015258789,111.91999816894531,112.3499984741211,108.15638732910156,2250600,0.0,0.0
2017-07-07 00:00:00-04:00,112.38999938964844,113.0199966430664,111.11000061035156,112.55000305175781,108.34894561767578,1024800,0.0,0.0
2017-07-10 00:00:00-04:00,112.05999755859375,114.6500015258789,111.08999633789062,113.54000091552734,109.30199432373047,1114800,0.0,0.0
2017-07-11 00:00:00-04:00,113.83000183105469,114.08000183105469,111.91999816894531,113.69000244140625,109.44638061523438,817400,0.0,0.0
2017-07-12 00:00:00-04:00,114.7300033569336,117.31999969482422,114.05999755859375,114.26000213623047,109.99510955810547,1258000,0.0,0.0
2017-07-13 00:00:00-04:00,116.0999984741211,116.0999984741211,113.33999633789062,114.73999786376953,110.45719146728516,1844300,0.0,0.0
2017-07-14 00:00:00-04:00,115.06999969482422,117.6500015258789,114.33000183105469,117.20999908447266,112.8349838256836,1260500,0.0,0.0
2017-07-17 00:00:00-04:00,118.62000274658203,119.44000244140625,117.16000366210938,117.79000091552734,113.3933334350586,1506000,0.0,0.0
2017-07-18 00:00:00-04:00,117.33999633789062,117.83999633789062,116.30000305175781,117.4800033569336,113.09491729736328,1723700,0.0,0.0
2017-07-19 00:00:00-04:00,117.4800033569336,119.19000244140625,117.04000091552734,118.69999694824219,114.26937866210938,1781700,0.0,0.0
2017-07-20 00:00:00-04:00,124.0,126.26000213623047,121.38999938964844,122.54000091552734,117.9660415649414,3581600,0.0,0.0
2017-07-21 00:00:00-04:00,120.75,121.52999877929688,119.25,119.30999755859375,114.85661315917969,1782200,0.0,0.0
2017-07-24 00:00:00-04:00,119.5,120.45999908447266,117.52999877929688,118.38999938964844,113.97095489501953,1355800,0.0,0.0
2017-07-25 00:00:00-04:00,119.7699966430664,122.95999908447266,119.69000244140625,121.18000030517578,116.65680694580078,1749400,0.0,0.0
2017-07-26 00:00:00-04:00,122.16999816894531,122.16999816894531,119.76000213623047,120.16999816894531,115.68451690673828,949500,0.0,0.0
2017-07-27 00:00:00-04:00,120.19000244140625,121.2300033569336,118.70999908447266,120.7699966430664,116.26210021972656,1086800,0.0,0.0
2017-07-28 00:00:00-04:00,120.61000061035156,120.94000244140625,119.02999877929688,119.7300033569336,115.26094055175781,1109400,0.0,0.0
2017-07-31 00:00:00-04:00,119.91999816894531,120.25,118.41999816894531,118.95999908447266,114.51966857910156,866700,0.0,0.0
2017-08-01 00:00:00-04:00,119.47000122070312,119.56999969482422,115.66999816894531,116.55999755859375,112.20925903320312,1597800,0.0,0.0
2017-08-02 00:00:00-04:00,115.87000274658203,117.04000091552734,114.05999755859375,115.02999877929688,110.7363510131836,1307100,0.0,0.0
2017-08-03 00:00:00-04:00,115.4800033569336,117.08000183105469,115.20999908447266,116.30999755859375,111.96858215332031,1177200,0.0,0.0
2017-08-04 00:00:00-04:00,117.19999694824219,118.66000366210938,117.01000213623047,118.37000274658203,113.95169830322266,920600,0.0,0.0
2017-08-07 00:00:00-04:00,118.5199966430664,118.83999633789062,117.44000244140625,118.0999984741211,113.69176483154297,830500,0.0,0.0
2017-08-08 00:00:00-04:00,117.4000015258789,119.41999816894531,116.87999725341797,117.37999725341797,112.99864959716797,848700,0.0,0.0
2017-08-09 00:00:00-04:00,116.08000183105469,116.80999755859375,114.5999984741211,115.30999755859375,111.00590515136719,944900,0.0,0.0
2017-08-10 00:00:00-04:00,114.70999908447266,115.5,111.55999755859375,111.62000274658203,107.45364379882812,1697800,0.0,0.0
2017-08-11 00:00:00-04:00,111.41999816894531,112.25,110.69999694824219,111.54000091552734,107.37663269042969,982700,0.0,0.0
2017-08-14 00:00:00-04:00,113.0,113.66999816894531,111.98999786376953,112.19999694824219,108.01199340820312,1209900,0.0,0.0
2017-08-15 00:00:00-04:00,113.0999984741211,113.22000122070312,111.5999984741211,111.98999786376953,107.80984497070312,681900,0.0,0.0
2017-08-16 00:00:00-04:00,112.81999969482422,113.33000183105469,111.16000366210938,111.97000122070312,107.79055786132812,995900,0.0,0.0
2017-08-17 00:00:00-04:00,115.75,116.0,111.58999633789062,111.81999969482422,107.64618682861328,2070200,0.0,0.0
2017-08-18 00:00:00-04:00,112.95999908447266,113.20999908447266,110.6500015258789,111.86000061035156,107.6846923828125,1411900,0.0,0.0
2017-08-21 00:00:00-04:00,111.70999908447266,111.86000061035156,107.66999816894531,108.4000015258789,104.35384368896484,1366700,0.0,0.0
2017-08-22 00:00:00-04:00,109.0,112.55999755859375,109.0,112.44000244140625,108.2430191040039,1378700,0.0,0.0
2017-08-23 00:00:00-04:00,111.36000061035156,111.73999786376953,108.69000244140625,108.69000244140625,104.63302612304688,1019300,0.0,0.0
2017-08-24 00:00:00-04:00,109.0,109.76000213623047,107.33000183105469,107.61000061035156,103.59333038330078,973600,0.0,0.0
2017-08-25 00:00:00-04:00,108.05000305175781,108.38999938964844,106.5199966430664,107.26000213623047,103.25639343261719,1073000,0.0,0.0
2017-08-28 00:00:00-04:00,108.5,110.7699966430664,108.22000122070312,110.70999908447266,106.57760620117188,1338200,0.0,0.0
2017-08-29 00:00:00-04:00,109.58000183105469,115.83999633789062,109.43000030517578,114.94000244140625,110.64973449707031,2941900,0.0,0.0
2017-08-30 00:00:00-04:00,115.0999984741211,119.80000305175781,113.12999725341797,119.19000244140625,114.74109649658203,3207200,0.0,0.0
2017-08-31 00:00:00-04:00,119.58999633789062,120.70999908447266,117.54000091552734,118.05999755859375,113.65326690673828,1734300,0.0,0.0
2017-09-01 00:00:00-04:00,118.37000274658203,121.18000030517578,118.37000274658203,120.55999755859375,116.0599594116211,1646500,0.0,0.0
2017-09-05 00:00:00-04:00,120.55999755859375,121.68000030517578,117.86000061035156,119.08999633789062,114.64481353759766,1508500,0.0,0.0
2017-09-06 00:00:00-04:00,120.45999908447266,121.43000030517578,119.79000091552734,121.16000366210938,116.63755798339844,1439500,0.0,0.0
2017-09-07 00:00:00-04:00,121.5,123.16000366210938,120.33000183105469,123.08999633789062,118.4955062866211,1871400,0.0,0.0
2017-09-08 00:00:00-04:00,123.5,128.0,123.5,126.69000244140625,121.96114349365234,2616500,0.0,0.0
2017-09-11 00:00:00-04:00,125.4000015258789,126.33999633789062,123.44999694824219,125.02999877929688,120.36308288574219,2174600,0.0,0.0
2017-09-12 00:00:00-04:00,127.11000061035156,128.49000549316406,126.16999816894531,127.69000244140625,122.92382049560547,1418600,0.0,0.0
2017-09-13 00:00:00-04:00,127.5,129.6300048828125,126.11000061035156,128.82000732421875,124.01163482666016,1434700,0.0,0.0
2017-09-14 00:00:00-04:00,128.27000427246094,128.75,126.79000091552734,127.36000061035156,122.60612487792969,1301900,0.0,0.0
2017-09-15 00:00:00-04:00,127.1500015258789,128.82000732421875,126.97000122070312,128.10000610351562,123.31851959228516,1119500,0.0,0.0
2017-09-18 00:00:00-04:00,128.10000610351562,129.50999450683594,128.08999633789062,129.42999267578125,124.5988540649414,920000,0.0,0.0
2017-09-19 00:00:00-04:00,129.5,129.9600067138672,128.1199951171875,129.88999938964844,125.04170227050781,846800,0.0,0.0
2017-09-20 00:00:00-04:00,130.0,132.3000030517578,129.72000122070312,130.74000549316406,125.85997772216797,1041600,0.0,0.0
2017-09-21 00:00:00-04:00,131.2100067138672,131.2100067138672,129.89999389648438,130.1199951171875,125.26311492919922,894800,0.0,0.0
2017-09-22 00:00:00-04:00,129.72000122070312,132.80999755859375,129.00999450683594,132.30999755859375,127.37136840820312,998000,0.0,0.0
2017-09-25 00:00:00-04:00,132.72000122070312,132.97999572753906,131.22000122070312,132.2100067138672,127.27510833740234,1023900,0.0,0.0
2017-09-26 00:00:00-04:00,132.39999389648438,134.57000732421875,132.02000427246094,133.94000244140625,128.94053649902344,1040700,0.0,0.0
2017-09-27 00:00:00-04:00,134.6300048828125,137.1199951171875,134.14999389648438,135.69000244140625,130.62521362304688,1236700,0.0,0.0
2017-09-28 00:00:00-04:00,135.77000427246094,138.3300018310547,135.17999267578125,137.97000122070312,132.82009887695312,1039300,0.0,0.0
2017-09-29 00:00:00-04:00,137.9600067138672,139.97999572753906,136.9600067138672,138.74000549316406,133.56134033203125,1224400,0.0,0.0
2017-10-02 00:00:00-04:00,139.1999969482422,139.75,136.83999633789062,139.1999969482422,134.00418090820312,1368300,0.0,0.0
2017-10-03 00:00:00-04:00,139.7100067138672,142.7100067138672,138.97999572753906,142.7100067138672,137.38319396972656,1670200,0.0,0.0
2017-10-04 00:00:00-04:00,142.22000122070312,142.30999755859375,139.4600067138672,140.75,135.49630737304688,1654000,0.0,0.0
2017-10-05 00:00:00-04:00,141.5399932861328,143.14999389648438,140.80999755859375,141.97999572753906,136.68040466308594,997700,0.0,0.0
2017-10-06 00:00:00-04:00,141.42999267578125,143.07000732421875,141.0,142.24000549316406,136.93072509765625,865300,0.0,0.0
2017-10-09 00:00:00-04:00,142.66000366210938,142.8800048828125,141.08999633789062,142.49000549316406,137.17140197753906,810800,0.0,0.0
2017-10-10 00:00:00-04:00,143.60000610351562,144.19000244140625,140.35000610351562,141.5500030517578,136.26646423339844,1105600,0.0,0.0
2017-10-11 00:00:00-04:00,141.8300018310547,142.44000244140625,140.91000366210938,142.16000366210938,136.85369873046875,825600,0.0,0.0
2017-10-12 00:00:00-04:00,140.99000549316406,144.35000610351562,140.16000366210938,144.00999450683594,138.6346435546875,1120100,0.0,0.0
2017-10-13 00:00:00-04:00,144.89999389648438,145.55999755859375,143.42999267578125,144.2100067138672,138.8271942138672,884900,0.0,0.0
2017-10-16 00:00:00-04:00,145.88999938964844,146.6699981689453,144.4499969482422,145.7899932861328,140.34817504882812,1204000,0.0,0.0
2017-10-17 00:00:00-04:00,145.42999267578125,145.6300048828125,143.00999450683594,143.33999633789062,137.98965454101562,1525600,0.0,0.0
2017-10-18 00:00:00-04:00,144.07000732421875,144.60000610351562,142.16000366210938,144.32000732421875,138.93310546875,1922400,0.0,0.0
2017-10-19 00:00:00-04:00,144.8000030517578,147.60000610351562,140.94000244140625,144.39999389648438,139.01010131835938,2955500,0.0,0.0
2017-10-20 00:00:00-04:00,144.80999755859375,146.69000244140625,144.02999877929688,144.39999389648438,139.01010131835938,2525000,0.0,0.0
2017-10-23 00:00:00-04:00,144.44000244140625,144.63999938964844,141.1999969482422,141.47999572753906,136.1990966796875,1372400,0.0,0.0
2017-10-24 00:00:00-04:00,142.4499969482422,145.5,142.17999267578125,143.94000244140625,138.56729125976562,1420400,0.0,0.0
2017-10-25 00:00:00-04:00,143.25,144.10000610351562,138.19000244140625,138.91000366210938,133.7250213623047,2508100,0.0,0.0
2017-10-26 00:00:00-04:00,139.75,142.22999572753906,139.3000030517578,141.24000549316406,135.9680633544922,2021000,0.0,0.0
2017-10-27 00:00:00-04:00,141.33999633789062,146.05999755859375,141.33999633789062,145.94000244140625,140.49261474609375,1365800,0.0,0.0
2017-10-30 00:00:00-04:00,145.32000732421875,146.72000122070312,143.25,143.58999633789062,138.23033142089844,1256900,0.0,0.0
2017-10-31 00:00:00-04:00,143.60000610351562,144.82000732421875,141.22999572753906,141.47999572753906,136.1990966796875,1329100,0.0,0.0
2017-11-01 00:00:00-04:00,143.33999633789062,144.58999633789062,142.60000610351562,143.6699981689453,138.30731201171875,1147300,0.0,0.0
2017-11-02 00:00:00-04:00,143.3699951171875,146.8699951171875,143.0,145.5800018310547,140.1460723876953,1025900,0.0,0.0
2017-11-03 00:00:00-04:00,145.08999633789062,146.0,144.4600067138672,144.7100067138672,139.3085174560547,708200,0.0,0.0
2017-11-06 00:00:00-05:00,145.25999450683594,148.52000427246094,145.1199951171875,148.39999389648438,142.8607940673828,1092300,0.0,0.0
2017-11-07 00:00:00-05:00,148.39999389648438,149.4499969482422,146.55999755859375,147.5500030517578,142.04251098632812,765000,0.0,0.0
2017-11-08 00:00:00-05:00,146.9199981689453,148.83999633789062,146.5,148.74000549316406,143.18812561035156,917600,0.0,0.0
2017-11-09 00:00:00-05:00,146.0,147.38999938964844,143.0500030517578,145.08999633789062,139.67433166503906,1045000,0.0,0.0
2017-11-10 00:00:00-05:00,144.9499969482422,146.97999572753906,144.9499969482422,146.30999755859375,140.8488006591797,743300,0.0,0.0
2017-11-13 00:00:00-05:00,145.19000244140625,145.72000122070312,143.5800018310547,144.61000061035156,139.21226501464844,1313900,0.0,0.0
2017-11-14 00:00:00-05:00,143.75,146.1699981689453,143.75,144.8699951171875,139.4625244140625,1112900,0.0,0.0
2017-11-15 00:00:00-05:00,143.97000122070312,144.85000610351562,141.36000061035156,143.3800048828125,138.02818298339844,1058600,0.0,0.0
2017-11-16 00:00:00-05:00,145.0,148.55999755859375,143.64999389648438,148.36000061035156,142.82229614257812,1648900,0.0,0.0
2017-11-17 00:00:00-05:00,147.75,151.14999389648438,147.42999267578125,150.08999633789062,144.48770141601562,1607300,0.0,0.0
2017-11-20 00:00:00-05:00,149.75,152.75999450683594,149.75,151.5,145.8450927734375,1026900,0.0,0.0
2017-11-21 00:00:00-05:00,152.10000610351562,155.0,152.0,153.69000244140625,147.9533233642578,1318800,0.0,0.0
2017-11-22 00:00:00-05:00,154.61000061035156,154.9600067138672,152.5,153.27000427246094,147.5490264892578,1053300,0.0,0.0
2017-11-24 00:00:00-05:00,153.61000061035156,155.4499969482422,152.16000366210938,153.16000366210938,147.44313049316406,768100,0.0,0.0
2017-11-27 00:00:00-05:00,152.8800048828125,154.74000549316406,152.3699951171875,153.36000061035156,147.63565063476562,1004900,0.0,0.0
2017-11-28 00:00:00-05:00,154.02000427246094,156.8000030517578,153.17999267578125,156.60000610351562,150.75473022460938,863000,0.0,0.0
2017-11-29 00:00:00-05:00,156.0,158.67999267578125,155.19000244140625,157.83999633789062,151.9484100341797,1184000,0.0,0.0
2017-11-30 00:00:00-05:00,158.47999572753906,161.35000610351562,158.0399932861328,159.47999572753906,153.52720642089844,1467000,0.0,0.0
2017-12-01 00:00:00-05:00,159.07000732421875,159.4499969482422,151.3000030517578,157.08999633789062,151.22642517089844,1735800,0.0,0.0
2017-12-04 00:00:00-05:00,160.22000122070312,163.9199981689453,159.72999572753906,159.75,153.78712463378906,1312800,0.0,0.0
2017-12-05 00:00:00-05:00,159.75,161.5800018310547,158.1999969482422,159.19000244140625,153.248046875,918200,0.0,0.0
2017-12-06 00:00:00-05:00,158.19000244140625,159.6300048828125,156.85000610351562,158.27999877929688,152.3719940185547,606400,0.0,0.0
2017-12-07 00:00:00-05:00,158.22000122070312,163.16000366210938,157.86000061035156,162.3800048828125,156.31893920898438,966100,0.0,0.0
2017-12-08 00:00:00-05:00,163.74000549316406,165.17999267578125,162.77000427246094,164.0,157.87847900390625,1094800,0.0,0.0
2017-12-11 00:00:00-05:00,164.52999877929688,165.64999389648438,163.1199951171875,163.82000732421875,157.70521545410156,949400,0.0,0.0
2017-12-12 00:00:00-05:00,164.0,165.85000610351562,163.16000366210938,163.64999389648438,157.54156494140625,832300,0.0,0.0
2017-12-13 00:00:00-05:00,162.99000549316406,165.6999969482422,160.3699951171875,163.80999755859375,157.6956024169922,948200,0.0,0.0
2017-12-14 00:00:00-05:00,163.82000732421875,165.3000030517578,160.9499969482422,161.1699981689453,155.15411376953125,990400,0.0,0.0
2017-12-15 00:00:00-05:00,162.8000030517578,165.60000610351562,162.33999633789062,164.2899932861328,158.15765380859375,1225900,0.0,0.0
2017-12-18 00:00:00-05:00,165.97999572753906,169.0500030517578,165.55999755859375,168.57000732421875,162.2779541015625,1292000,0.0,0.0
2017-12-19 00:00:00-05:00,169.3699951171875,170.3300018310547,165.02000427246094,166.3800048828125,160.16966247558594,1390100,0.0,0.0
2017-12-20 00:00:00-05:00,167.99000549316406,169.02000427246094,165.72999572753906,168.3000030517578,162.01797485351562,1419100,0.0,0.0
2017-12-21 00:00:00-05:00,169.69000244140625,170.74000549316406,167.64999389648438,170.47000122070312,164.1070098876953,1090300,0.0,0.0
2017-12-22 00:00:00-05:00,170.47000122070312,171.32000732421875,168.22000122070312,169.49000549316406,163.16355895996094,575000,0.0,0.0
2017-12-26 00:00:00-05:00,169.0,171.8300018310547,168.99000549316406,170.61000061035156,164.24176025390625,749700,0.0,0.0
2017-12-27 00:00:00-05:00,170.47000122070312,172.22000122070312,170.02000427246094,171.47000122070312,165.0696563720703,611000,0.0,0.0
2017-12-28 00:00:00-05:00,172.3800048828125,173.47000122070312,171.02999877929688,173.3300018310547,166.86024475097656,801600,0.0,0.0
2017-12-29 00:00:00-05:00,173.7899932861328,174.39999389648438,171.77999877929688,171.91000366210938,165.49325561523438,624500,0.0,0.0
2018-01-02 00:00:00-05:00,172.9199981689453,173.9600067138672,171.6999969482422,173.5800018310547,167.1009063720703,813300,0.0,0.0
2018-01-03 00:00:00-05:00,174.4499969482422,175.74000549316406,173.39999389648438,175.19000244140625,168.65086364746094,844100,0.0,0.0
2018-01-04 00:00:00-05:00,175.85000610351562,176.6199951171875,169.6300048828125,172.0,165.57989501953125,1331000,0.0,0.0
2018-01-05 00:00:00-05:00,173.0,173.32000732421875,169.5,171.3800048828125,164.98304748535156,1078600,0.0,0.0
2018-01-08 00:00:00-05:00,171.2899932861328,172.6699981689453,169.42999267578125,172.4499969482422,166.01307678222656,1623600,0.0,0.0
2018-01-09 00:00:00-05:00,172.75,173.52999877929688,170.6999969482422,172.42999267578125,165.99383544921875,981500,0.0,0.0
2018-01-10 00:00:00-05:00,171.72999572753906,174.92999267578125,171.5,173.1999969482422,166.735107421875,1100500,0.0,0.0
2018-01-11 00:00:00-05:00,174.80999755859375,179.99000549316406,174.63999938964844,179.99000549316406,173.2716522216797,1533900,0.0,0.0
2018-01-12 00:00:00-05:00,180.60000610351562,182.86000061035156,179.52000427246094,180.88999938964844,174.13804626464844,882600,0.0,0.0
2018-01-16 00:00:00-05:00,181.9499969482422,184.0,176.67999267578125,178.97000122070312,172.2897491455078,1083800,0.0,0.0
2018-01-17 00:00:00-05:00,178.75999450683594,180.67999267578125,177.52000427246094,180.1699981689453,173.44491577148438,693800,0.0,0.0
2018-01-18 00:00:00-05:00,180.3300018310547,181.7899932861328,179.77000427246094,181.24000549316406,174.47503662109375,814400,0.0,0.0
2018-01-19 00:00:00-05:00,181.6999969482422,184.25,180.82000732421875,183.6699981689453,176.8142547607422,1208300,0.0,0.0
2018-01-22 00:00:00-05:00,184.0,187.1699981689453,181.0,187.1199951171875,180.13552856445312,995400,0.0,0.0
2018-01-23 00:00:00-05:00,187.5,188.72999572753906,183.8800048828125,185.8699951171875,178.93214416503906,1531500,0.0,0.0
2018-01-24 00:00:00-05:00,186.47000122070312,187.0800018310547,183.8800048828125,185.52000427246094,178.5952911376953,1836900,0.0,0.0
2018-01-25 00:00:00-05:00,186.0,189.0,176.5500030517578,181.91000366210938,175.1199951171875,3108700,0.0,0.0
2018-01-26 00:00:00-05:00,184.69000244140625,187.25,180.44000244140625,185.3699951171875,178.45083618164062,1963200,0.0,0.0
2018-01-29 00:00:00-05:00,184.92999267578125,188.30999755859375,180.2100067138672,180.47000122070312,173.73373413085938,1996900,0.0,0.0
2018-01-30 00:00:00-05:00,177.05999755859375,182.99000549316406,176.7899932861328,182.13999938964844,175.34140014648438,1401100,0.0,0.0
2018-01-31 00:00:00-05:00,185.10000610351562,185.88999938964844,179.77999877929688,181.11000061035156,174.34986877441406,1420300,0.0,0.0
2018-02-01 00:00:00-05:00,180.67999267578125,183.52999877929688,178.4499969482422,179.64999389648438,172.94432067871094,1431400,0.0,0.0
2018-02-02 00:00:00-05:00,177.5800018310547,178.2100067138672,173.0399932861328,173.3000030517578,166.83139038085938,1496700,0.0,0.0
2018-02-05 00:00:00-05:00,171.72000122070312,176.00999450683594,166.5800018310547,166.7100067138672,160.48736572265625,2209500,0.0,0.0
2018-02-06 00:00:00-05:00,162.27999877929688,172.75999450683594,161.41000366210938,171.33999633789062,164.94454956054688,1982500,0.0,0.0
2018-02-07 00:00:00-05:00,170.49000549316406,176.05999755859375,170.30999755859375,173.5800018310547,167.1009063720703,1839700,0.0,0.0
2018-02-08 00:00:00-05:00,173.8300018310547,173.9199981689453,161.86000061035156,161.99000549316406,155.9435272216797,2291400,0.0,0.0
2018-02-09 00:00:00-05:00,164.50999450683594,166.44000244140625,156.00999450683594,164.25999450683594,158.12875366210938,2529300,0.0,0.0
2018-02-12 00:00:00-05:00,166.6300048828125,168.77000427246094,163.2100067138672,166.05999755859375,159.86160278320312,1551500,0.0,0.0
2018-02-13 00:00:00-05:00,165.10000610351562,167.4600067138672,164.52999877929688,166.3300018310547,160.1215362548828,1359300,0.0,0.0
2018-02-14 00:00:00-05:00,164.02000427246094,168.2899932861328,163.33999633789062,167.0399932861328,160.80502319335938,1284800,0.0,0.0
2018-02-15 00:00:00-05:00,169.0399932861328,169.69000244140625,164.11000061035156,167.24000549316406,160.99757385253906,1203600,0.0,0.0
2018-02-16 00:00:00-05:00,166.41000366210938,170.69000244140625,166.41000366210938,168.02000427246094,161.74842834472656,1047800,0.0,0.0
2018-02-20 00:00:00-05:00,167.19000244140625,174.75,166.8000030517578,172.25,165.82057189941406,1356900,0.0,0.0
2018-02-21 00:00:00-05:00,171.86000061035156,175.61000061035156,171.60000610351562,171.89999389648438,165.4835968017578,1293400,0.0,0.0
2018-02-22 00:00:00-05:00,173.64999389648438,176.44000244140625,172.58999633789062,175.16000366210938,168.6219482421875,1706000,0.0,0.0
2018-02-23 00:00:00-05:00,176.69000244140625,179.22999572753906,175.3800048828125,179.08999633789062,172.40525817871094,1317300,0.0,0.0
2018-02-26 00:00:00-05:00,180.36000061035156,181.07000732421875,177.36000061035156,180.6300048828125,173.8877716064453,1123100,0.0,0.0
2018-02-27 00:00:00-05:00,180.5,182.16000366210938,178.30999755859375,178.4199981689453,171.76026916503906,1138300,0.0,0.0
2018-02-28 00:00:00-05:00,179.4600067138672,179.99000549316406,175.0399932861328,175.08999633789062,168.5545196533203,1373500,0.0,0.0
2018-03-01 00:00:00-05:00,174.75999450683594,175.0,170.4499969482422,173.24000549316406,166.7736358642578,1782300,0.0,0.0
2018-03-02 00:00:00-05:00,172.64999389648438,177.11000061035156,169.5,176.60000610351562,170.0081787109375,1659800,0.0,0.0
2018-03-05 00:00:00-05:00,175.3000030517578,181.1199951171875,173.75999450683594,180.7100067138672,173.96478271484375,1325900,0.0,0.0
2018-03-06 00:00:00-05:00,180.77999877929688,185.83999633789062,178.5500030517578,184.99000549316406,178.08502197265625,1365600,0.0,0.0
2018-03-07 00:00:00-05:00,182.77999877929688,184.6999969482422,177.30999755859375,181.35000610351562,174.58090209960938,1883700,0.0,0.0
2018-03-08 00:00:00-05:00,181.5399932861328,184.41000366210938,180.00999450683594,183.36000061035156,176.515869140625,885900,0.0,0.0
2018-03-09 00:00:00-05:00,185.1199951171875,189.55999755859375,183.86000061035156,189.39999389648438,182.33041381835938,1069600,0.0,0.0
2018-03-12 00:00:00-04:00,189.39999389648438,189.5,185.39999389648438,186.6300048828125,179.66380310058594,1347700,0.0,0.0
2018-03-13 00:00:00-04:00,187.63999938964844,190.74000549316406,186.11000061035156,186.64999389648438,179.68307495117188,908200,0.0,0.0
2018-03-14 00:00:00-04:00,187.91000366210938,188.2100067138672,184.11000061035156,184.82000732421875,177.92137145996094,889600,0.0,0.0
2018-03-15 00:00:00-04:00,186.02000427246094,186.6300048828125,182.3699951171875,182.91000366210938,176.08265686035156,1012400,0.0,0.0
2018-03-16 00:00:00-04:00,183.0,188.0,182.6199951171875,186.2899932861328,179.33644104003906,1089200,0.0,0.0
2018-03-19 00:00:00-04:00,185.6199951171875,186.0800018310547,182.85000610351562,185.39999389648438,178.4796905517578,1018300,0.0,0.0
2018-03-20 00:00:00-04:00,185.67999267578125,187.8800048828125,184.82000732421875,185.16000366210938,178.2487030029297,1037800,0.0,0.0
2018-03-21 00:00:00-04:00,184.97000122070312,190.3000030517578,184.50999450683594,187.27000427246094,180.2799072265625,913800,0.0,0.0
2018-03-22 00:00:00-04:00,184.0,186.22999572753906,179.5800018310547,180.25999450683594,173.53155517578125,1449100,0.0,0.0
2018-03-23 00:00:00-04:00,181.11000061035156,181.11000061035156,174.02000427246094,174.17999267578125,167.6785125732422,1143200,0.0,0.0
2018-03-26 00:00:00-04:00,177.6300048828125,180.80999755859375,175.91000366210938,180.57000732421875,173.8300323486328,1430700,0.0,0.0
2018-03-27 00:00:00-04:00,181.47999572753906,183.75,176.0,177.14999389648438,170.53765869140625,1135700,0.0,0.0
2018-03-28 00:00:00-04:00,177.22000122070312,177.22000122070312,168.9499969482422,169.11000061035156,162.7977752685547,1815400,0.0,0.0
2018-03-29 00:00:00-04:00,170.89999389648438,174.1699981689453,168.44000244140625,172.72999572753906,166.2826385498047,1567900,0.0,0.0
2018-04-02 00:00:00-04:00,172.0399932861328,172.74000549316406,163.57000732421875,166.60000610351562,160.38145446777344,1649800,0.0,0.0
2018-04-03 00:00:00-04:00,167.27999877929688,169.82000732421875,166.32000732421875,169.5,163.17320251464844,1340000,0.0,0.0
2018-04-04 00:00:00-04:00,165.0500030517578,174.38999938964844,164.4600067138672,173.67999267578125,167.1971893310547,1478000,0.0,0.0
2018-04-05 00:00:00-04:00,175.3300018310547,178.75999450683594,174.0,177.94000244140625,171.2981719970703,1356900,0.0,0.0
2018-04-06 00:00:00-04:00,176.22000122070312,179.2899932861328,169.61000061035156,172.13999938964844,165.71469116210938,1178700,0.0,0.0
2018-04-09 00:00:00-04:00,173.97000122070312,175.44000244140625,171.66000366210938,171.94000244140625,165.52210998535156,932500,0.0,0.0
2018-04-10 00:00:00-04:00,175.7100067138672,178.75999450683594,173.72999572753906,177.97000122070312,171.3270721435547,1115200,0.0,0.0
2018-04-11 00:00:00-04:00,175.9499969482422,178.33999633789062,173.6300048828125,173.97000122070312,167.47633361816406,1026700,0.0,0.0
2018-04-12 00:00:00-04:00,175.0,177.63999938964844,174.38999938964844,176.32000732421875,169.7386474609375,791600,0.0,0.0
2018-04-13 00:00:00-04:00,178.50999450683594,178.83999633789062,172.8300018310547,172.9499969482422,166.49441528320312,1289900,0.0,0.0
2018-04-16 00:00:00-04:00,174.67999267578125,176.83999633789062,172.50999450683594,174.1300048828125,167.63037109375,1663500,0.0,0.0
2018-04-17 00:00:00-04:00,175.88999938964844,178.19000244140625,175.39999389648438,177.5399932861328,170.9130859375,1456200,0.0,0.0
2018-04-18 00:00:00-04:00,179.63999938964844,181.66000366210938,178.60000610351562,180.0,173.28126525878906,2129300,0.0,0.0
2018-04-19 00:00:00-04:00,174.0,175.75,165.75,168.22000122070312,161.9409637451172,4919200,0.0,0.0
2018-04-20 00:00:00-04:00,169.89999389648438,170.17999267578125,162.6199951171875,163.22000122070312,157.12762451171875,2347600,0.0,0.0
2018-04-23 00:00:00-04:00,163.02999877929688,164.9499969482422,161.97999572753906,163.61000061035156,157.5030517578125,1244100,0.0,0.0
2018-04-24 00:00:00-04:00,164.25999450683594,164.92999267578125,154.07000732421875,156.42999267578125,150.59107971191406,2294100,0.0,0.0
2018-04-25 00:00:00-04:00,156.39999389648438,158.6999969482422,153.36000061035156,157.8800048828125,151.98696899414062,1413800,0.0,0.0
2018-04-26 00:00:00-04:00,158.6199951171875,159.0,153.6699981689453,155.35000610351562,149.55140686035156,1406500,0.0,0.0
2018-04-27 00:00:00-04:00,155.0800018310547,157.33999633789062,155.05999755859375,155.30999755859375,149.51287841796875,1089800,0.0,0.0
2018-04-30 00:00:00-04:00,155.35000610351562,155.8300018310547,149.88999938964844,150.0,144.40103149414062,1262900,0.0,0.0
2018-05-01 00:00:00-04:00,149.2100067138672,151.1999969482422,145.92999267578125,148.63999938964844,143.0918426513672,1859000,0.0,0.0
2018-05-02 00:00:00-04:00,149.0500030517578,152.0,148.6999969482422,149.2899932861328,143.71754455566406,1261800,0.0,0.0
2018-05-03 00:00:00-04:00,148.9600067138672,150.4199981689453,145.33999633789062,149.8000030517578,144.20851135253906,1420300,0.0,0.0
2018-05-04 00:00:00-04:00,149.60000610351562,154.24000549316406,148.0800018310547,153.22999572753906,147.51048278808594,1112700,0.0,0.0
2018-05-07 00:00:00-04:00,154.50999450683594,161.74000549316406,154.44000244140625,159.49000549316406,153.53683471679688,2258900,0.0,0.0
2018-05-08 00:00:00-04:00,158.63999938964844,161.0,157.9499969482422,159.3300018310547,153.3828125,1510900,0.0,0.0
2018-05-09 00:00:00-04:00,160.36000061035156,162.83999633789062,159.4499969482422,162.32000732421875,156.26121520996094,1180800,0.0,0.0
2018-05-10 00:00:00-04:00,163.77999877929688,167.16000366210938,163.1199951171875,166.36000061035156,160.15040588378906,1335500,0.0,0.0
2018-05-11 00:00:00-04:00,167.13999938964844,168.5399932861328,165.57000732421875,166.88999938964844,160.66064453125,844900,0.0,0.0
2018-05-14 00:00:00-04:00,167.7899932861328,167.92999267578125,165.07000732421875,165.55999755859375,159.3802490234375,918300,0.0,0.0
2018-05-15 00:00:00-04:00,164.89999389648438,166.5,164.0,165.5500030517578,159.3706512451172,810900,0.0,0.0
2018-05-16 00:00:00-04:00,165.39999389648438,170.47000122070312,165.38999938964844,169.47999572753906,163.15394592285156,1061300,0.0,0.0
2018-05-17 00:00:00-04:00,169.38999938964844,171.38999938964844,168.39999389648438,170.36000061035156,164.00111389160156,842100,0.0,0.0
2018-05-18 00:00:00-04:00,170.4499969482422,172.39999389648438,169.5399932861328,169.82000732421875,163.4812774658203,804900,0.0,0.0
2018-05-21 00:00:00-04:00,171.44000244140625,174.58999633789062,170.52000427246094,173.77999877929688,167.29345703125,818800,0.0,0.0
2018-05-22 00:00:00-04:00,174.0,175.4199981689453,166.5399932861328,166.77999877929688,160.55471801757812,1127000,0.0,0.0
2018-05-23 00:00:00-04:00,165.39999389648438,167.8300018310547,163.63999938964844,167.77000427246094,161.5077667236328,1213600,0.0,0.0
2018-05-24 00:00:00-04:00,166.0,168.83999633789062,164.5,167.41000366210938,161.1612091064453,928900,0.0,0.0
2018-05-25 00:00:00-04:00,166.6199951171875,166.8300018310547,161.05999755859375,161.94000244140625,155.89540100097656,1284800,0.0,0.0
2018-05-29 00:00:00-04:00,160.25,162.85000610351562,159.2899932861328,160.4600067138672,154.47064208984375,835700,0.0,0.0
2018-05-30 00:00:00-04:00,161.58999633789062,163.32000732421875,159.8800048828125,162.3699951171875,156.30935668945312,893100,0.0,0.0
2018-05-31 00:00:00-04:00,162.14999389648438,162.14999389648438,159.0800018310547,159.57000732421875,153.61387634277344,1261200,0.0,0.0
2018-06-01 00:00:00-04:00,161.1999969482422,165.4199981689453,160.67999267578125,163.27000427246094,157.17575073242188,1153700,0.0,0.0
2018-06-04 00:00:00-04:00,163.5500030517578,164.4600067138672,160.82000732421875,161.35000610351562,155.32742309570312,908100,0.0,0.0
2018-06-05 00:00:00-04:00,161.77000427246094,164.4199981689453,161.57000732421875,163.9199981689453,157.80148315429688,713100,0.0,0.0
2018-06-06 00:00:00-04:00,164.8300018310547,165.80999755859375,163.44000244140625,164.85000610351562,158.69674682617188,1079700,0.0,0.0
2018-06-07 00:00:00-04:00,165.50999450683594,167.75,164.3800048828125,166.22000122070312,160.0156707763672,1037900,0.0,0.0
2018-06-08 00:00:00-04:00,165.52999877929688,166.88999938964844,164.8800048828125,166.8000030517578,160.573974609375,533700,0.0,0.0
2018-06-11 00:00:00-04:00,166.5500030517578,168.8000030517578,166.07000732421875,167.92999267578125,161.66180419921875,566300,0.0,0.0
2018-06-12 00:00:00-04:00,168.39999389648438,172.57000732421875,168.1699981689453,169.8000030517578,163.46200561523438,954600,0.0,0.0
2018-06-13 00:00:00-04:00,169.77000427246094,169.80999755859375,166.5399932861328,166.63999938964844,160.41995239257812,725800,0.0,0.0
2018-06-14 00:00:00-04:00,166.69000244140625,168.75,163.9499969482422,164.4600067138672,158.3213348388672,866200,0.0,0.0
2018-06-15 00:00:00-04:00,162.3000030517578,163.11000061035156,158.6300048828125,160.85000610351562,154.8460693359375,1866600,0.0,0.0
2018-06-18 00:00:00-04:00,159.1199951171875,163.8000030517578,158.6300048828125,163.32000732421875,157.22390747070312,983900,0.0,0.0
2018-06-19 00:00:00-04:00,160.72000122070312,161.13999938964844,156.32000732421875,159.38999938964844,153.4405517578125,1443700,0.0,0.0
2018-06-20 00:00:00-04:00,160.25999450683594,162.0,158.33999633789062,161.69000244140625,155.65469360351562,897900,0.0,0.0
2018-06-21 00:00:00-04:00,160.39999389648438,160.49000549316406,152.02000427246094,153.17999267578125,147.4623565673828,2113300,0.0,0.0
2018-06-22 00:00:00-04:00,157.9499969482422,160.80999755859375,154.5,154.9499969482422,149.16627502441406,2398700,0.0,0.0
2018-06-25 00:00:00-04:00,153.5,153.5,145.9199981689453,148.14999389648438,142.62010192871094,2172300,0.0,0.0
2018-06-26 00:00:00-04:00,149.11000061035156,149.75999450683594,146.32000732421875,147.47999572753906,141.97509765625,1626200,0.0,0.0
2018-06-27 00:00:00-04:00,148.58999633789062,151.97000122070312,146.4600067138672,146.57000732421875,141.09909057617188,1544300,0.0,0.0
2018-06-28 00:00:00-04:00,146.2899932861328,147.91000366210938,143.39999389648438,147.47000122070312,141.96551513671875,1093100,0.0,0.0
2018-06-29 00:00:00-04:00,148.39999389648438,151.47000122070312,147.4499969482422,147.6199951171875,142.1099090576172,1530000,0.0,0.0
2018-07-02 00:00:00-04:00,144.63999938964844,146.42999267578125,142.61000061035156,144.75,139.34703063964844,1096400,0.0,0.0
2018-07-03 00:00:00-04:00,146.13999938964844,148.58999633789062,144.9499969482422,145.14999389648438,139.73211669921875,644000,0.0,0.0
2018-07-05 00:00:00-04:00,146.5500030517578,148.75999450683594,145.13999938964844,148.5,142.95706176757812,1365100,0.0,0.0
2018-07-06 00:00:00-04:00,148.66000366210938,151.36000061035156,147.5,149.52999877929688,143.9486083984375,1047200,0.0,0.0
2018-07-09 00:00:00-04:00,150.67999267578125,155.5,150.35000610351562,155.11000061035156,149.32034301757812,1153500,0.0,0.0
2018-07-10 00:00:00-04:00,158.38999938964844,158.91000366210938,153.02999877929688,154.2899932861328,148.5309600830078,1743500,0.0,0.0
2018-07-11 00:00:00-04:00,151.74000549316406,153.92999267578125,151.47000122070312,151.69000244140625,146.02798461914062,1038000,0.0,0.0
2018-07-12 00:00:00-04:00,153.47999572753906,153.83999633789062,150.24000549316406,152.30999755859375,146.62484741210938,1074300,0.0,0.0
2018-07-13 00:00:00-04:00,154.1999969482422,156.0800018310547,153.67999267578125,154.8300018310547,149.05079650878906,1115400,0.0,0.0
2018-07-16 00:00:00-04:00,154.3300018310547,154.75,151.17999267578125,151.75,146.0857696533203,1429900,0.0,0.0
2018-07-17 00:00:00-04:00,150.75999450683594,153.27000427246094,150.07000732421875,152.2100067138672,146.52857971191406,1262400,0.0,0.0
2018-07-18 00:00:00-04:00,153.61000061035156,155.77000427246094,151.61000061035156,154.91000366210938,149.12782287597656,2483500,0.0,0.0
2018-07-19 00:00:00-04:00,150.07000732421875,156.69000244140625,150.0,156.57000732421875,150.725830078125,3005100,0.0,0.0
2018-07-20 00:00:00-04:00,155.47000122070312,156.39999389648438,150.83999633789062,151.11000061035156,145.46961975097656,1808500,0.0,0.0
2018-07-23 00:00:00-04:00,150.99000549316406,151.52999877929688,147.4199981689453,149.32000732421875,143.7464599609375,1751000,0.0,0.0
2018-07-24 00:00:00-04:00,150.82000732421875,151.8800048828125,146.32000732421875,147.94000244140625,142.41795349121094,1477000,0.0,0.0
2018-07-25 00:00:00-04:00,146.9499969482422,147.64999389648438,143.3300018310547,146.36000061035156,140.8969268798828,1634500,0.0,0.0
2018-07-26 00:00:00-04:00,146.22999572753906,152.3000030517578,146.22000122070312,150.97000122070312,145.3348388671875,1394400,0.0,0.0
2018-07-27 00:00:00-04:00,151.75999450683594,152.3000030517578,146.35000610351562,147.30999755859375,141.8114776611328,1075700,0.0,0.0
2018-07-30 00:00:00-04:00,148.0,149.38999938964844,145.08999633789062,145.4499969482422,140.0209197998047,1065600,0.0,0.0
2018-07-31 00:00:00-04:00,146.1999969482422,149.5500030517578,146.1999969482422,148.8000030517578,143.24588012695312,1504800,0.0,0.0
2018-08-01 00:00:00-04:00,148.74000549316406,149.14999389648438,145.58999633789062,146.86000061035156,141.37828063964844,1288600,0.0,0.0
2018-08-02 00:00:00-04:00,145.47000122070312,148.02000427246094,144.08999633789062,147.1300048828125,141.63819885253906,890300,0.0,0.0
2018-08-03 00:00:00-04:00,147.89999389648438,148.5,146.36000061035156,148.41000366210938,142.8704071044922,817900,0.0,0.0
2018-08-06 00:00:00-04:00,148.1999969482422,151.72999572753906,148.05999755859375,151.32000732421875,145.67181396484375,1034300,0.0,0.0
2018-08-07 00:00:00-04:00,152.07000732421875,154.3000030517578,151.8800048828125,154.02000427246094,148.27102661132812,1344900,0.0,0.0
2018-08-08 00:00:00-04:00,153.44000244140625,153.72000122070312,151.75,151.85000610351562,146.18202209472656,758300,0.0,0.0
2018-08-09 00:00:00-04:00,152.0399932861328,152.91000366210938,150.60000610351562,150.75999450683594,145.1326904296875,549100,0.0,0.0
2018-08-10 00:00:00-04:00,149.25999450683594,150.16000366210938,147.3000030517578,148.58999633789062,143.043701171875,703400,0.0,0.0
2018-08-13 00:00:00-04:00,148.6199951171875,149.99000549316406,147.25999450683594,148.17999267578125,142.6490020751953,786100,0.0,0.0
2018-08-14 00:00:00-04:00,148.6199951171875,152.52999877929688,148.5,151.2100067138672,145.56590270996094,987600,0.0,0.0
2018-08-15 00:00:00-04:00,149.47000122070312,149.58999633789062,144.5,146.8699951171875,141.38790893554688,1351600,0.0,0.0
2018-08-16 00:00:00-04:00,148.38999938964844,150.47999572753906,148.25999450683594,148.99000549316406,143.4287872314453,649100,0.0,0.0
2018-08-17 00:00:00-04:00,149.0,150.99000549316406,148.69000244140625,150.50999450683594,144.89202880859375,620300,0.0,0.0
2018-08-20 00:00:00-04:00,150.64999389648438,156.19000244140625,150.55999755859375,154.44000244140625,148.6753387451172,1066900,0.0,0.0
2018-08-21 00:00:00-04:00,154.9499969482422,159.57000732421875,154.9499969482422,157.94000244140625,152.04470825195312,1271100,0.0,0.0
2018-08-22 00:00:00-04:00,157.36000061035156,159.05999755859375,156.50999450683594,157.32000732421875,151.44786071777344,781100,0.0,0.0
2018-08-23 00:00:00-04:00,156.63999938964844,156.9199981689453,153.8699951171875,154.1300048828125,148.3768768310547,505300,0.0,0.0
2018-08-24 00:00:00-04:00,155.1699981689453,156.77000427246094,154.39999389648438,156.1699981689453,150.3407745361328,533200,0.0,0.0
2018-08-27 00:00:00-04:00,157.3000030517578,160.0500030517578,156.4499969482422,159.30999755859375,153.3635711669922,1095300,0.0,0.0
2018-08-28 00:00:00-04:00,160.0,161.47999572753906,157.6999969482422,158.47999572753906,152.5645294189453,746300,0.0,0.0
2018-08-29 00:00:00-04:00,158.7899932861328,160.27999877929688,156.52000427246094,159.77000427246094,153.806396484375,637500,0.0,0.0
2018-08-30 00:00:00-04:00,159.32000732421875,159.32000732421875,156.13999938964844,156.67999267578125,150.8317413330078,807400,0.0,0.0
2018-08-31 00:00:00-04:00,156.02999877929688,156.75,155.3300018310547,155.8699951171875,150.05197143554688,826100,0.0,0.0
2018-09-04 00:00:00-04:00,155.8699951171875,159.0,155.0500030517578,158.10000610351562,152.19869995117188,1119000,0.0,0.0
2018-09-05 00:00:00-04:00,157.16000366210938,158.50999450683594,155.94000244140625,156.6199951171875,150.7739715576172,1088400,0.0,0.0
2018-09-06 00:00:00-04:00,157.32000732421875,157.97999572753906,151.4199981689453,153.82000732421875,148.0784912109375,1341300,0.0,0.0
2018-09-07 00:00:00-04:00,152.6300048828125,153.47000122070312,150.77000427246094,152.3000030517578,146.61521911621094,938700,0.0,0.0
2018-09-10 00:00:00-04:00,154.99000549316406,161.22000122070312,153.82000732421875,159.99000549316406,154.01815795898438,1928200,0.0,0.0
2018-09-11 00:00:00-04:00,159.52000427246094,169.14999389648438,159.50999450683594,168.3800048828125,162.0950469970703,2860700,0.0,0.0
2018-09-12 00:00:00-04:00,169.22999572753906,169.22999572753906,165.35000610351562,167.10000610351562,160.86282348632812,1881700,0.0,0.0
2018-09-13 00:00:00-04:00,167.94000244140625,170.42999267578125,166.1999969482422,166.85000610351562,160.62213134765625,1220100,0.0,0.0
2018-09-14 00:00:00-04:00,167.08999633789062,169.74000549316406,166.64999389648438,168.9499969482422,162.6437225341797,1070600,0.0,0.0
2018-09-17 00:00:00-04:00,169.25999450683594,169.8800048828125,164.4199981689453,164.94000244140625,158.78341674804688,1327100,0.0,0.0
2018-09-18 00:00:00-04:00,165.17999267578125,167.52000427246094,164.3699951171875,167.0500030517578,160.81460571289062,1020900,0.0,0.0
2018-09-19 00:00:00-04:00,167.5,172.41000366210938,166.89999389648438,168.9600067138672,162.6533660888672,1091000,0.0,0.0
2018-09-20 00:00:00-04:00,170.4600067138672,173.0,168.25999450683594,171.75999450683594,165.3488311767578,1523900,0.0,0.0
2018-09-21 00:00:00-04:00,172.1199951171875,172.3000030517578,168.77999877929688,169.0399932861328,162.7303466796875,1575000,0.0,0.0
2018-09-24 00:00:00-04:00,168.5,168.89999389648438,166.32000732421875,168.07000732421875,161.7965850830078,780000,0.0,0.0
2018-09-25 00:00:00-04:00,168.42999267578125,169.24000549316406,166.89999389648438,168.58999633789062,162.2971649169922,698800,0.0,0.0
2018-09-26 00:00:00-04:00,168.57000732421875,170.72999572753906,167.0500030517578,167.86000061035156,161.5944366455078,810700,0.0,0.0
2018-09-27 00:00:00-04:00,169.27999877929688,170.52999877929688,167.24000549316406,169.0800018310547,162.7688751220703,588100,0.0,0.0
2018-09-28 00:00:00-04:00,168.2100067138672,168.5500030517578,163.5800018310547,163.60000610351562,157.4934539794922,1472400,0.0,0.0
2018-10-01 00:00:00-04:00,164.27999877929688,165.44000244140625,161.97999572753906,162.6699981689453,156.59811401367188,1444000,0.0,0.0
2018-10-02 00:00:00-04:00,162.0,163.3699951171875,160.33999633789062,160.39999389648438,154.41287231445312,1078300,0.0,0.0
2018-10-03 00:00:00-04:00,161.5,167.2899932861328,161.49000549316406,165.52999877929688,159.3513641357422,1178500,0.0,0.0
2018-10-04 00:00:00-04:00,165.16000366210938,165.83999633789062,161.1199951171875,163.19000244140625,157.09873962402344,910100,0.0,0.0
2018-10-05 00:00:00-04:00,162.41000366210938,163.9199981689453,157.1300048828125,159.22000122070312,153.2769012451172,1370500,0.0,0.0
2018-10-08 00:00:00-04:00,157.94000244140625,158.86000061035156,153.35000610351562,156.07000732421875,150.24449157714844,1382600,0.0,0.0
2018-10-09 00:00:00-04:00,155.44000244140625,155.7100067138672,152.6199951171875,152.74000549316406,147.03878784179688,1177600,0.0,0.0
2018-10-10 00:00:00-04:00,152.30999755859375,152.5800018310547,143.6300048828125,144.83999633789062,139.43368530273438,2359800,0.0,0.0
2018-10-11 00:00:00-04:00,144.02000427246094,147.97000122070312,139.64999389648438,139.83999633789062,134.6203155517578,1971700,0.0,0.0
2018-10-12 00:00:00-04:00,144.80999755859375,144.80999755859375,135.67999267578125,137.8800048828125,132.73345947265625,2478700,0.0,0.0
2018-10-15 00:00:00-04:00,137.5,139.39999389648438,136.3699951171875,137.6199951171875,132.48316955566406,1558900,0.0,0.0
2018-10-16 00:00:00-04:00,138.2100067138672,141.55999755859375,136.25,141.22000122070312,135.94879150390625,1792300,0.0,0.0
2018-10-17 00:00:00-04:00,141.8300018310547,141.8800048828125,138.52999877929688,139.0399932861328,133.85015869140625,2601700,0.0,0.0
2018-10-18 00:00:00-04:00,132.3000030517578,133.61000061035156,117.55000305175781,118.12999725341797,113.72066497802734,9440700,0.0,0.0
2018-10-19 00:00:00-04:00,118.7699966430664,123.0,116.87999725341797,117.12000274658203,112.74835968017578,4771800,0.0,0.0
2018-10-22 00:00:00-04:00,118.31999969482422,119.19999694824219,113.88999938964844,114.91000366210938,110.620849609375,3394200,0.0,0.0
2018-10-23 00:00:00-04:00,110.38999938964844,115.62000274658203,107.91000366210938,114.41000366210938,110.13949584960938,3645700,0.0,0.0
2018-10-24 00:00:00-04:00,114.9800033569336,116.97000122070312,106.7300033569336,106.98999786376953,102.9964828491211,3411600,0.0,0.0
2018-10-25 00:00:00-04:00,109.54000091552734,113.16000366210938,109.01000213623047,111.33000183105469,107.17447662353516,2323200,0.0,0.0
2018-10-26 00:00:00-04:00,109.0,110.91999816894531,106.4800033569336,109.2300033569336,105.15286254882812,2312800,0.0,0.0
2018-10-29 00:00:00-04:00,110.95999908447266,113.94999694824219,107.41999816894531,109.29000091552734,105.21060180664062,2136800,0.0,0.0
2018-10-30 00:00:00-04:00,108.30000305175781,115.9800033569336,108.0199966430664,115.62000274658203,111.30432891845703,2622600,0.0,0.0
2018-10-31 00:00:00-04:00,119.29000091552734,126.43000030517578,118.75,120.06999969482422,115.58824157714844,4268200,0.0,0.0
2018-11-01 00:00:00-04:00,122.33999633789062,126.04000091552734,120.55000305175781,125.70999908447266,121.01771545410156,3101100,0.0,0.0
2018-11-02 00:00:00-04:00,126.62000274658203,127.70999908447266,122.80000305175781,125.13999938964844,120.46898651123047,2470800,0.0,0.0
2018-11-05 00:00:00-05:00,125.86000061035156,128.33999633789062,122.37999725341797,126.69999694824219,121.97077178955078,1519700,0.0,0.0
2018-11-06 00:00:00-05:00,126.1500015258789,129.9199981689453,126.05000305175781,129.75999450683594,124.91657257080078,1751200,0.0,0.0
2018-11-07 00:00:00-05:00,132.86000061035156,134.49000549316406,129.85000610351562,131.32000732421875,126.4183578491211,2878100,0.0,0.0
2018-11-08 00:00:00-05:00,132.25,133.1699981689453,126.3499984741211,126.72000122070312,121.9900131225586,2085800,0.0,0.0
2018-11-09 00:00:00-05:00,124.87000274658203,127.5999984741211,120.12000274658203,126.66999816894531,121.94187927246094,2131800,0.0,0.0
2018-11-12 00:00:00-05:00,126.79000091552734,127.3499984741211,119.83000183105469,121.16000366210938,116.63755798339844,2027700,0.0,0.0
2018-11-13 00:00:00-05:00,121.22000122070312,123.61000061035156,118.94999694824219,119.56999969482422,115.10691833496094,1946900,0.0,0.0
2018-11-14 00:00:00-05:00,121.63999938964844,123.66000366210938,117.68000030517578,119.69000244140625,115.22242736816406,1660900,0.0,0.0
2018-11-15 00:00:00-05:00,118.97000122070312,119.87000274658203,114.69999694824219,118.5,114.07685089111328,2120800,0.0,0.0
2018-11-16 00:00:00-05:00,117.5,118.05999755859375,114.19000244140625,114.97000122070312,110.6786117553711,2379000,0.0,0.0
2018-11-19 00:00:00-05:00,114.30000305175781,116.27999877929688,112.19999694824219,112.54000091552734,108.33929443359375,1974200,0.0,0.0
2018-11-20 00:00:00-05:00,109.31999969482422,112.47000122070312,107.25,109.8499984741211,105.74971008300781,2356100,0.0,0.0
2018-11-21 00:00:00-05:00,111.6500015258789,115.33000183105469,111.45999908447266,113.0,108.78213500976562,1575100,0.0,0.0
2018-11-23 00:00:00-05:00,110.54000091552734,111.95999908447266,109.79000091552734,109.87999725341797,105.778564453125,699200,0.0,0.0
2018-11-26 00:00:00-05:00,111.30000305175781,115.73999786376953,111.30000305175781,115.31999969482422,111.01553344726562,1341200,0.0,0.0
2018-11-27 00:00:00-05:00,113.87999725341797,115.02999877929688,111.4000015258789,112.54000091552734,108.33929443359375,1615400,0.0,0.0
2018-11-28 00:00:00-05:00,113.31999969482422,117.4800033569336,110.37999725341797,117.25,112.87348175048828,1662500,0.0,0.0
2018-11-29 00:00:00-05:00,116.23999786376953,117.30000305175781,115.0,115.91999816894531,111.59315490722656,1082100,0.0,0.0
2018-11-30 00:00:00-05:00,115.33000183105469,117.87999725341797,114.76000213623047,117.12999725341797,112.75798034667969,1477300,0.0,0.0
2018-12-03 00:00:00-05:00,121.5,124.2300033569336,118.0,119.26000213623047,114.8084716796875,1612800,0.0,0.0
2018-12-04 00:00:00-05:00,118.20999908447266,118.94999694824219,105.94999694824219,106.29000091552734,102.32260131835938,3214400,0.0,0.0
2018-12-06 00:00:00-05:00,103.44000244140625,106.6500015258789,102.08999633789062,104.83000183105469,100.91709899902344,2415800,0.0,0.0
2018-12-07 00:00:00-05:00,106.08999633789062,107.98999786376953,103.22000122070312,103.94000244140625,100.06031799316406,2570000,0.0,0.0
2018-12-10 00:00:00-05:00,103.06999969482422,104.56999969482422,99.5,101.86000061035156,98.0579605102539,1975700,0.0,0.0
2018-12-11 00:00:00-05:00,103.95999908447266,107.19000244140625,100.83999633789062,101.86000061035156,98.0579605102539,1606200,0.0,0.0
2018-12-12 00:00:00-05:00,107.12000274658203,112.06999969482422,107.02999877929688,108.30000305175781,104.257568359375,3437900,0.0,0.0
2018-12-13 00:00:00-05:00,110.25,112.9000015258789,108.5,108.87999725341797,104.81591796875,2203700,0.0,0.0
2018-12-14 00:00:00-05:00,106.55000305175781,109.62000274658203,105.36000061035156,105.80000305175781,101.85088348388672,1833800,0.0,0.0
2018-12-17 00:00:00-05:00,105.05000305175781,108.48999786376953,102.94999694824219,105.41000366210938,101.47545623779297,1569200,0.0,0.0
2018-12-18 00:00:00-05:00,106.30000305175781,109.5199966430664,102.86000061035156,104.54000091552734,100.6379165649414,1710400,0.0,0.0
2018-12-19 00:00:00-05:00,104.23999786376953,108.54000091552734,100.06999969482422,100.9000015258789,97.13377380371094,2404200,0.0,0.0
2018-12-20 00:00:00-05:00,100.33999633789062,103.16000366210938,99.5,101.36000061035156,97.57660675048828,2518600,0.0,0.0
2018-12-21 00:00:00-05:00,102.23999786376953,104.9000015258789,99.02999877929688,99.51000213623047,95.79566192626953,2378800,0.0,0.0
2018-12-24 00:00:00-05:00,98.47000122070312,99.56999969482422,95.6500015258789,95.9000015258789,92.3204345703125,1007900,0.0,0.0
2018-12-26 00:00:00-05:00,96.61000061035156,103.23999786376953,94.27999877929688,103.12000274658203,99.27091979980469,1553700,0.0,0.0
2018-12-27 00:00:00-05:00,100.93000030517578,104.80999755859375,99.4800033569336,104.79000091552734,100.87858581542969,1448300,0.0,0.0
2018-12-28 00:00:00-05:00,105.43000030517578,105.43000030517578,100.83999633789062,101.5,97.7114028930664,1832300,0.0,0.0
2018-12-31 00:00:00-05:00,102.77999877929688,103.23999786376953,98.77999877929688,102.52999877929688,98.70293426513672,1743500,0.0,0.0
2019-01-02 00:00:00-05:00,100.30999755859375,105.98999786376953,99.0,105.62000274658203,101.67760467529297,1729600,0.0,0.0
2019-01-03 00:00:00-05:00,104.38999938964844,104.38999938964844,100.5,101.9800033569336,98.17346954345703,1771300,0.0,0.0
2019-01-04 00:00:00-05:00,104.41999816894531,110.83999633789062,103.47000122070312,110.12999725341797,106.0192642211914,2396900,0.0,0.0
2019-01-07 00:00:00-05:00,110.8499984741211,115.7300033569336,108.11000061035156,114.12000274658203,109.86032104492188,2153200,0.0,0.0
2019-01-08 00:00:00-05:00,116.27999877929688,117.12999725341797,114.01000213623047,116.26000213623047,111.92045593261719,2046600,0.0,0.0
2019-01-09 00:00:00-05:00,118.23999786376953,119.56999969482422,114.8499984741211,118.47000122070312,114.04796600341797,1641100,0.0,0.0
2019-01-10 00:00:00-05:00,116.44000244140625,119.94000244140625,115.5999984741211,118.77999877929688,114.34638977050781,1576400,0.0,0.0
2019-01-11 00:00:00-05:00,117.37000274658203,118.8499984741211,115.33000183105469,117.44999694824219,113.06602478027344,1355300,0.0,0.0
2019-01-14 00:00:00-05:00,116.0,118.0,115.5199966430664,116.73999786376953,112.38255310058594,1202000,0.0,0.0
2019-01-15 00:00:00-05:00,117.31999969482422,117.79000091552734,114.5999984741211,116.1500015258789,111.81458282470703,1086500,0.0,0.0
2019-01-16 00:00:00-05:00,116.73999786376953,118.5,116.16999816894531,117.5,113.11418151855469,1203000,0.0,0.0
2019-01-17 00:00:00-05:00,117.12999725341797,120.62999725341797,117.0,119.37999725341797,114.92401123046875,1742600,0.0,0.0
2019-01-18 00:00:00-05:00,120.95999908447266,124.55000305175781,119.30000305175781,123.31999969482422,118.71692657470703,2275400,0.0,0.0
2019-01-22 00:00:00-05:00,121.0999984741211,122.01000213623047,117.02999877929688,118.23999786376953,113.82654571533203,2388700,0.0,0.0
2019-01-23 00:00:00-05:00,119.33999633789062,119.4000015258789,114.05999755859375,116.0199966430664,111.68941497802734,3024300,0.0,0.0
2019-01-24 00:00:00-05:00,121.5199966430664,125.0,119.7300033569336,123.31999969482422,118.71692657470703,4040600,0.0,0.0
2019-01-25 00:00:00-05:00,124.69999694824219,127.66000366210938,123.4000015258789,127.26000213623047,122.5098648071289,3089100,0.0,0.0
2019-01-28 00:00:00-05:00,124.48999786376953,126.76000213623047,123.0,124.79000091552734,120.13204956054688,1710400,0.0,0.0
2019-01-29 00:00:00-05:00,125.58999633789062,126.2699966430664,124.01000213623047,124.31999969482422,119.67960357666016,1335400,0.0,0.0
2019-01-30 00:00:00-05:00,125.66999816894531,128.0,122.30000305175781,127.97000122070312,123.193359375,2009500,0.0,0.0
2019-01-31 00:00:00-05:00,127.70999908447266,127.70999908447266,124.47000122070312,125.26000213623047,120.58451843261719,1497600,0.0,0.0
2019-02-01 00:00:00-05:00,124.87000274658203,127.23999786376953,124.41999816894531,126.33999633789062,121.62418365478516,1750500,0.0,0.0
2019-02-04 00:00:00-05:00,126.26000213623047,129.4600067138672,125.05000305175781,129.38999938964844,124.56037902832031,1389700,0.0,0.0
2019-02-05 00:00:00-05:00,129.0500030517578,131.0,128.02999877929688,129.13999938964844,124.31967163085938,1258800,0.0,0.0
2019-02-06 00:00:00-05:00,128.6199951171875,130.16000366210938,128.0,128.89999389648438,124.0886459350586,934700,0.0,0.0
2019-02-07 00:00:00-05:00,127.75,128.35000610351562,124.52999877929688,125.9800033569336,121.27765655517578,1401700,0.0,0.0
2019-02-08 00:00:00-05:00,124.5999984741211,126.37999725341797,123.66000366210938,126.29000091552734,121.57608032226562,1137700,0.0,0.0
2019-02-11 00:00:00-05:00,126.55000305175781,128.72999572753906,126.13999938964844,127.88999938964844,123.1163558959961,946300,0.0,0.0
2019-02-12 00:00:00-05:00,129.5500030517578,132.4600067138672,129.1999969482422,131.41000366210938,126.50492858886719,1333000,0.0,0.0
2019-02-13 00:00:00-05:00,132.72999572753906,133.77000427246094,132.08999633789062,132.13999938964844,127.20770263671875,1148900,0.0,0.0
2019-02-14 00:00:00-05:00,131.41000366210938,132.10000610351562,130.0,131.6999969482422,126.78413391113281,1178100,0.0,0.0
2019-02-15 00:00:00-05:00,133.07000732421875,136.0500030517578,132.11000061035156,134.86000061035156,129.8262176513672,1630500,0.0,0.0
2019-02-19 00:00:00-05:00,134.38999938964844,135.39999389648438,130.6300048828125,134.2899932861328,129.27740478515625,1710100,0.0,0.0
2019-02-20 00:00:00-05:00,134.9600067138672,137.64999389648438,134.2100067138672,136.25999450683594,131.17391967773438,1254400,0.0,0.0
2019-02-21 00:00:00-05:00,136.0,136.9499969482422,133.8300018310547,135.0500030517578,130.00909423828125,1186000,0.0,0.0
2019-02-22 00:00:00-05:00,136.0399932861328,137.08999633789062,135.3800048828125,136.83999633789062,131.73228454589844,1118300,0.0,0.0
2019-02-25 00:00:00-05:00,137.8800048828125,139.02999877929688,135.6999969482422,136.2899932861328,131.2028045654297,1328400,0.0,0.0
2019-02-26 00:00:00-05:00,135.4499969482422,136.6999969482422,134.14999389648438,134.83999633789062,129.8069305419922,1297200,0.0,0.0
2019-02-27 00:00:00-05:00,134.9199981689453,136.27000427246094,133.4199981689453,135.66000366210938,130.59632873535156,916600,0.0,0.0
2019-02-28 00:00:00-05:00,135.3300018310547,136.05999755859375,134.24000549316406,134.58999633789062,129.5662384033203,995400,0.0,0.0
2019-03-01 00:00:00-05:00,136.63999938964844,138.5,134.0399932861328,135.69000244140625,130.62521362304688,1108300,0.0,0.0
2019-03-04 00:00:00-05:00,136.49000549316406,137.16000366210938,131.3699951171875,132.49000549316406,127.5446548461914,1470400,0.0,0.0
2019-03-05 00:00:00-05:00,132.6999969482422,132.77999877929688,130.30999755859375,130.44000244140625,125.5711441040039,1715600,0.0,0.0
2019-03-06 00:00:00-05:00,130.6999969482422,130.77999877929688,127.88999938964844,128.0500030517578,123.2703857421875,1170700,0.0,0.0
2019-03-07 00:00:00-05:00,127.68000030517578,127.83999633789062,123.75,126.58000183105469,121.85523223876953,1934400,0.0,0.0
2019-03-08 00:00:00-05:00,123.8499984741211,124.7300033569336,121.62000274658203,123.23999786376953,118.6399154663086,1491700,0.0,0.0
2019-03-11 00:00:00-04:00,123.18000030517578,124.08999633789062,122.55000305175781,124.01000213623047,119.38117980957031,1213800,0.0,0.0
2019-03-12 00:00:00-04:00,124.5199966430664,126.0,122.05000305175781,125.30000305175781,120.6230239868164,1553400,0.0,0.0
2019-03-13 00:00:00-04:00,126.0999984741211,127.05999755859375,124.19999694824219,124.33999633789062,119.69883728027344,1011600,0.0,0.0
2019-03-14 00:00:00-04:00,123.52999877929688,123.75,121.62000274658203,121.70999908447266,117.1670150756836,1013700,0.0,0.0
2019-03-15 00:00:00-04:00,121.75,122.87999725341797,119.8499984741211,120.13999938964844,115.6556396484375,1919900,0.0,0.0
2019-03-18 00:00:00-04:00,120.56999969482422,123.26000213623047,120.0,122.98999786376953,118.39923858642578,1208100,0.0,0.0
2019-03-19 00:00:00-04:00,123.80000305175781,124.5,120.33000183105469,120.68000030517578,116.17548370361328,1385400,0.0,0.0
2019-03-20 00:00:00-04:00,120.2699966430664,120.30999755859375,114.05999755859375,116.11000061035156,111.77605438232422,3348200,0.0,0.0
2019-03-21 00:00:00-04:00,115.66000366210938,119.19000244140625,115.37999725341797,119.05999755859375,114.61593627929688,1401000,0.0,0.0
2019-03-22 00:00:00-04:00,118.11000061035156,118.1500015258789,110.88999938964844,110.95999908447266,106.81828308105469,2664000,0.0,0.0
2019-03-25 00:00:00-04:00,110.62999725341797,113.0999984741211,110.25,111.12000274658203,106.97230529785156,1642800,0.0,0.0
2019-03-26 00:00:00-04:00,113.20999908447266,113.6500015258789,109.86000061035156,111.5999984741211,107.43438720703125,1405600,0.0,0.0
2019-03-27 00:00:00-04:00,111.94000244140625,112.55000305175781,109.19000244140625,110.72000122070312,106.58724212646484,1342100,0.0,0.0
2019-03-28 00:00:00-04:00,110.66999816894531,112.69000244140625,110.0199966430664,112.56999969482422,108.36817169189453,1219600,0.0,0.0
2019-03-29 00:00:00-04:00,114.0,115.16000366210938,113.30999755859375,114.25,109.98548126220703,1355100,0.0,0.0
2019-04-01 00:00:00-04:00,115.58999633789062,118.69000244140625,114.37999725341797,118.11000061035156,113.7013931274414,2036900,0.0,0.0
2019-04-02 00:00:00-04:00,118.0,120.05000305175781,117.3499984741211,118.52999877929688,114.10572052001953,1147300,0.0,0.0
2019-04-03 00:00:00-04:00,119.93000030517578,121.76000213623047,119.79000091552734,120.9800033569336,116.46426391601562,1501400,0.0,0.0
2019-04-04 00:00:00-04:00,121.58000183105469,122.77999877929688,121.30000305175781,122.54000091552734,117.9660415649414,1267400,0.0,0.0
2019-04-05 00:00:00-04:00,123.80999755859375,124.7699966430664,123.11000061035156,123.33999633789062,118.73619079589844,1308100,0.0,0.0
2019-04-08 00:00:00-04:00,122.75,124.12000274658203,121.83000183105469,124.08000183105469,119.44855499267578,826200,0.0,0.0
2019-04-09 00:00:00-04:00,122.62999725341797,122.6500015258789,119.1500015258789,119.56999969482422,115.10691833496094,1522900,0.0,0.0
2019-04-10 00:00:00-04:00,119.94000244140625,121.33999633789062,118.69000244140625,121.19000244140625,116.66644287109375,897200,0.0,0.0
2019-04-11 00:00:00-04:00,121.55000305175781,126.12000274658203,121.37999725341797,124.75,120.09354400634766,2156400,0.0,0.0
2019-04-12 00:00:00-04:00,127.41000366210938,128.75,125.13999938964844,126.73999786376953,122.00926971435547,1426500,0.0,0.0
2019-04-15 00:00:00-04:00,127.0199966430664,127.83999633789062,125.04000091552734,125.37000274658203,120.6904296875,2411000,0.0,0.0
2019-04-16 00:00:00-04:00,126.66999816894531,126.98999786376953,123.72000122070312,126.05000305175781,121.34503173828125,1323600,0.0,0.0
2019-04-17 00:00:00-04:00,126.62999725341797,127.18000030517578,125.1500015258789,125.76000213623047,121.06584930419922,2116100,0.0,0.0
2019-04-18 00:00:00-04:00,135.3000030517578,138.49000549316406,134.11000061035156,136.0,130.92364501953125,4772800,0.0,0.0
2019-04-22 00:00:00-04:00,135.36000061035156,137.14999389648438,133.66000366210938,135.4600067138672,130.40380859375,1644000,0.0,0.0
2019-04-23 00:00:00-04:00,135.41000366210938,139.32000732421875,135.1300048828125,138.3800048828125,133.2147979736328,1587200,0.0,0.0
2019-04-24 00:00:00-04:00,138.52999877929688,140.60000610351562,138.0,139.88999938964844,134.66842651367188,1300700,0.0,0.0
2019-04-25 00:00:00-04:00,139.3000030517578,139.9600067138672,136.77000427246094,137.52999877929688,132.3965301513672,1047200,0.0,0.0
2019-04-26 00:00:00-04:00,138.00999450683594,140.5399932861328,137.38999938964844,140.39999389648438,135.15939331054688,1129900,0.0,0.0
2019-04-29 00:00:00-04:00,141.0500030517578,142.14999389648438,140.27999877929688,140.94000244140625,135.67922973632812,845100,0.0,0.0
2019-04-30 00:00:00-04:00,141.1199951171875,141.38999938964844,138.72000122070312,140.9199981689453,135.65997314453125,1193900,0.0,0.0
2019-05-01 00:00:00-04:00,141.77999877929688,142.69000244140625,138.55999755859375,138.63999938964844,133.465087890625,1221300,0.0,0.0
2019-05-02 00:00:00-04:00,138.1999969482422,139.3800048828125,134.1699981689453,137.0,131.88632202148438,1725100,0.0,0.0
2019-05-03 00:00:00-04:00,137.58999633789062,141.25,137.49000549316406,140.24000549316406,135.00534057617188,1015300,0.0,0.0
2019-05-06 00:00:00-04:00,135.74000549316406,138.58999633789062,134.39999389648438,137.5500030517578,132.41578674316406,1403900,0.0,0.0
2019-05-07 00:00:00-04:00,134.92999267578125,135.75999450683594,132.44000244140625,134.27000427246094,129.2582244873047,1238000,0.0,0.0
2019-05-08 00:00:00-04:00,134.0800018310547,135.99000549316406,133.36000061035156,133.99000549316406,128.98867797851562,839300,0.0,0.0
2019-05-09 00:00:00-04:00,131.1300048828125,134.22000122070312,128.30999755859375,133.7899932861328,128.79611206054688,1242200,0.0,0.0
2019-05-10 00:00:00-04:00,132.99000549316406,133.38999938964844,128.75999450683594,132.50999450683594,127.56391906738281,1104700,0.0,0.0
2019-05-13 00:00:00-04:00,128.38999938964844,128.91000366210938,124.2300033569336,126.19000244140625,121.47980499267578,1489000,0.0,0.0
2019-05-14 00:00:00-04:00,127.31999969482422,128.75,125.6500015258789,127.08999633789062,122.34619140625,1079300,0.0,0.0
2019-05-15 00:00:00-04:00,125.2699966430664,129.27000427246094,124.44999694824219,128.6699981689453,123.86723327636719,1065900,0.0,0.0
2019-05-16 00:00:00-04:00,129.0399932861328,130.61000061035156,128.1300048828125,128.4600067138672,123.66509246826172,900600,0.0,0.0
2019-05-17 00:00:00-04:00,126.6500015258789,127.56999969482422,125.6500015258789,126.33000183105469,121.61458587646484,912300,0.0,0.0
2019-05-20 00:00:00-04:00,124.26000213623047,125.45999908447266,122.93000030517578,124.05000305175781,119.41968536376953,1522000,0.0,0.0
2019-05-21 00:00:00-04:00,125.37999725341797,126.94000244140625,124.7699966430664,126.7300033569336,121.99964904785156,1126200,0.0,0.0
2019-05-22 00:00:00-04:00,125.91000366210938,126.38999938964844,121.5999984741211,122.38999938964844,117.8216552734375,1375000,0.0,0.0
2019-05-23 00:00:00-04:00,120.30000305175781,120.51000213623047,117.63999938964844,118.48999786376953,114.06722259521484,1309500,0.0,0.0
2019-05-24 00:00:00-04:00,119.31999969482422,120.91000366210938,116.91000366210938,118.54000091552734,114.11534118652344,623300,0.0,0.0
2019-05-28 00:00:00-04:00,118.63999938964844,119.47000122070312,114.97000122070312,115.0,110.70745086669922,1212300,0.0,0.0
2019-05-29 00:00:00-04:00,114.12999725341797,116.08000183105469,112.88999938964844,115.83000183105469,111.50651550292969,1327800,0.0,0.0
2019-05-30 00:00:00-04:00,116.4800033569336,118.0999984741211,114.62999725341797,115.19000244140625,110.89038848876953,1368000,0.0,0.0
2019-05-31 00:00:00-04:00,112.5999984741211,112.94000244140625,109.3499984741211,110.0999984741211,105.99039459228516,1615300,0.0,0.0
2019-06-03 00:00:00-04:00,111.9800033569336,115.0999984741211,111.75,113.8499984741211,109.60041046142578,1984400,0.0,0.0
2019-06-04 00:00:00-04:00,115.55000305175781,121.5,115.55000305175781,121.33999633789062,116.81083679199219,1822100,0.0,0.0
2019-06-05 00:00:00-04:00,122.20999908447266,122.38999938964844,117.68000030517578,119.37999725341797,114.92401123046875,1133400,0.0,0.0
2019-06-06 00:00:00-04:00,119.2300033569336,120.11000061035156,116.61000061035156,118.75,114.31751251220703,818200,0.0,0.0
2019-06-07 00:00:00-04:00,118.69999694824219,122.80999755859375,118.58000183105469,122.2300033569336,117.66761779785156,1277600,0.0,0.0
2019-06-10 00:00:00-04:00,123.37999725341797,125.87999725341797,123.05000305175781,123.58999633789062,118.97684478759766,1032900,0.0,0.0
2019-06-11 00:00:00-04:00,125.5199966430664,125.6500015258789,121.2699966430664,122.25,117.68687438964844,997100,0.0,0.0
2019-06-12 00:00:00-04:00,121.33999633789062,121.9800033569336,119.91999816894531,121.55000305175781,117.01300048828125,739300,0.0,0.0
2019-06-13 00:00:00-04:00,121.97000122070312,123.83999633789062,121.70999908447266,123.77999877929688,119.1597671508789,689500,0.0,0.0
2019-06-14 00:00:00-04:00,123.44000244140625,123.61000061035156,120.94000244140625,122.87000274658203,118.28372955322266,684400,0.0,0.0
2019-06-17 00:00:00-04:00,122.93000030517578,123.44000244140625,120.69000244140625,121.33999633789062,116.81083679199219,1036400,0.0,0.0
2019-06-18 00:00:00-04:00,123.95999908447266,128.97999572753906,123.41999816894531,127.76000213623047,122.9912109375,1760200,0.0,0.0
2019-06-19 00:00:00-04:00,127.55999755859375,128.1999969482422,125.75,126.27999877929688,121.56644439697266,1074200,0.0,0.0
2019-06-20 00:00:00-04:00,129.17999267578125,131.5800018310547,128.36000061035156,130.75,125.86959838867188,1345800,0.0,0.0
2019-06-21 00:00:00-04:00,130.4499969482422,131.5800018310547,128.6999969482422,129.8699951171875,125.02245330810547,1056100,0.0,0.0
2019-06-24 00:00:00-04:00,129.57000732421875,132.41000366210938,129.50999450683594,129.61000061035156,124.77215576171875,1128600,0.0,0.0
2019-06-25 00:00:00-04:00,129.61000061035156,130.25,127.91000366210938,128.6199951171875,123.81908416748047,744400,0.0,0.0
2019-06-26 00:00:00-04:00,129.86000061035156,131.9499969482422,129.39999389648438,130.57000732421875,125.69631958007812,1144300,0.0,0.0
2019-06-27 00:00:00-04:00,131.5500030517578,132.3800048828125,129.75999450683594,131.97000122070312,127.04405212402344,604900,0.0,0.0
2019-06-28 00:00:00-04:00,132.8300018310547,135.19000244140625,132.13999938964844,132.6300048828125,127.67942810058594,1875700,0.0,0.0
2019-07-01 00:00:00-04:00,136.0,137.8000030517578,133.10000610351562,134.3000030517578,129.28707885742188,1280100,0.0,0.0
2019-07-02 00:00:00-04:00,133.83999633789062,134.08999633789062,131.1999969482422,131.8000030517578,126.8803939819336,692500,0.0,0.0
2019-07-03 00:00:00-04:00,132.52000427246094,133.5399932861328,131.9199981689453,132.9199981689453,127.95860290527344,454900,0.0,0.0
2019-07-05 00:00:00-04:00,131.82000732421875,133.39999389648438,130.0,132.9199981689453,127.95860290527344,644400,0.0,0.0
2019-07-08 00:00:00-04:00,131.85000610351562,134.0399932861328,130.97000122070312,131.9199981689453,126.99594116210938,681500,0.0,0.0
2019-07-09 00:00:00-04:00,130.35000610351562,131.50999450683594,129.6199951171875,131.41000366210938,126.50492858886719,734200,0.0,0.0
2019-07-10 00:00:00-04:00,132.17999267578125,132.32000732421875,129.11000061035156,130.47999572753906,125.60966491699219,960000,0.0,0.0
2019-07-11 00:00:00-04:00,130.5500030517578,131.3699951171875,128.77000427246094,131.3300018310547,126.42793273925781,823200,0.0,0.0
2019-07-12 00:00:00-04:00,132.1300048828125,136.75,131.8300018310547,136.33999633789062,131.25091552734375,1118300,0.0,0.0
2019-07-15 00:00:00-04:00,136.7899932861328,137.6699981689453,134.5800018310547,134.74000549316406,129.71066284179688,810000,0.0,0.0
2019-07-16 00:00:00-04:00,134.52999877929688,137.89999389648438,132.82000732421875,137.58999633789062,132.45428466796875,1519500,0.0,0.0
2019-07-17 00:00:00-04:00,136.64999389648438,136.89999389648438,131.25999450683594,131.49000549316406,126.58198547363281,2476500,0.0,0.0
2019-07-18 00:00:00-04:00,123.5,125.33999633789062,120.81999969482422,121.11000061035156,116.58940887451172,5509500,0.0,0.0
2019-07-19 00:00:00-04:00,121.18000030517578,122.54000091552734,118.87000274658203,118.9800033569336,114.53892517089844,3148900,0.0,0.0
2019-07-22 00:00:00-04:00,119.9000015258789,120.52999877929688,117.0,118.11000061035156,113.7013931274414,2424900,0.0,0.0
2019-07-23 00:00:00-04:00,118.26000213623047,122.30000305175781,118.0999984741211,121.86000061035156,117.31143188476562,2062500,0.0,0.0
2019-07-24 00:00:00-04:00,121.7300033569336,127.23999786376953,121.5,126.62999725341797,121.90338897705078,1867400,0.0,0.0
2019-07-25 00:00:00-04:00,126.63999938964844,127.88999938964844,124.9000015258789,127.73999786376953,122.97195434570312,1221900,0.0,0.0
2019-07-26 00:00:00-04:00,127.91000366210938,129.60000610351562,127.05000305175781,127.61000061035156,122.8468017578125,1302600,0.0,0.0
2019-07-29 00:00:00-04:00,127.55000305175781,129.80999755859375,126.30000305175781,128.99000549316406,124.1753158569336,1174700,0.0,0.0
2019-07-30 00:00:00-04:00,127.91000366210938,130.72000122070312,126.58999633789062,129.9499969482422,125.0994644165039,1087000,0.0,0.0
2019-07-31 00:00:00-04:00,129.66000366210938,130.5,125.94999694824219,126.55000305175781,121.82637786865234,1270900,0.0,0.0
2019-08-01 00:00:00-04:00,125.63999938964844,126.20999908447266,119.61000061035156,120.87999725341797,116.36799621582031,1609100,0.0,0.0
2019-08-02 00:00:00-04:00,119.36000061035156,119.72000122070312,116.16000366210938,117.27999877929688,112.90238189697266,1611600,0.0,0.0
2019-08-05 00:00:00-04:00,114.19000244140625,114.44000244140625,111.77999877929688,113.3499984741211,109.11907196044922,1858400,0.0,0.0
2019-08-06 00:00:00-04:00,115.2300033569336,115.79000091552734,112.5199966430664,114.37999725341797,110.11063385009766,1221200,0.0,0.0
2019-08-07 00:00:00-04:00,111.7699966430664,113.56999969482422,110.55999755859375,113.41000366210938,109.17684936523438,1314400,0.0,0.0
2019-08-08 00:00:00-04:00,114.68000030517578,118.26000213623047,114.68000030517578,117.8499984741211,113.45111083984375,1330900,0.0,0.0
2019-08-09 00:00:00-04:00,117.08000183105469,117.23999786376953,114.5,115.56999969482422,111.25621032714844,1231400,0.0,0.0
2019-08-12 00:00:00-04:00,113.91000366210938,114.05999755859375,110.4000015258789,110.83999633789062,106.70274353027344,1092200,0.0,0.0
2019-08-13 00:00:00-04:00,110.0999984741211,116.66000366210938,109.55999755859375,112.5199966430664,108.32006072998047,1391800,0.0,0.0
2019-08-14 00:00:00-04:00,109.72000122070312,109.98999786376953,103.8499984741211,105.36000061035156,101.42730712890625,2139100,0.0,0.0
2019-08-15 00:00:00-04:00,105.47000122070312,105.94999694824219,102.76000213623047,104.56999969482422,100.66680145263672,1728000,0.0,0.0
2019-08-16 00:00:00-04:00,105.7699966430664,108.80000305175781,105.29000091552734,107.98999786376953,103.95914459228516,1553100,0.0,0.0
2019-08-19 00:00:00-04:00,110.33999633789062,111.37999725341797,109.2699966430664,110.63999938964844,106.5102310180664,1205600,0.0,0.0
2019-08-20 00:00:00-04:00,110.0,110.12000274658203,109.04000091552734,109.16000366210938,105.08545684814453,738200,0.0,0.0
2019-08-21 00:00:00-04:00,112.11000061035156,112.44000244140625,110.5999984741211,111.26000213623047,107.10709381103516,828100,0.0,0.0
2019-08-22 00:00:00-04:00,112.05999755859375,112.80000305175781,109.33000183105469,109.8499984741211,105.74971008300781,960700,0.0,0.0
2019-08-23 00:00:00-04:00,108.25,109.68000030517578,104.30999755859375,104.95999908447266,101.04224395751953,1466700,0.0,0.0
2019-08-26 00:00:00-04:00,107.19999694824219,107.30999755859375,104.29000091552734,106.26000213623047,102.29370880126953,1187000,0.0,0.0
2019-08-27 00:00:00-04:00,106.94999694824219,107.75,103.0,103.80000305175781,99.92552947998047,1159700,0.0,0.0
2019-08-28 00:00:00-04:00,103.44999694824219,107.62000274658203,101.9000015258789,106.31999969482422,102.35147857666016,1068000,0.0,0.0
2019-08-29 00:00:00-04:00,108.86000061035156,112.06999969482422,108.25,111.31999969482422,107.16484069824219,1315700,0.0,0.0
2019-08-30 00:00:00-04:00,112.94999694824219,114.43000030517578,111.87999725341797,112.55999755859375,108.35855102539062,1221300,0.0,0.0
2019-09-03 00:00:00-04:00,110.5,111.7300033569336,108.05000305175781,109.66999816894531,105.5764389038086,1338900,0.0,0.0
2019-09-04 00:00:00-04:00,111.8499984741211,113.08999633789062,111.05999755859375,112.80000305175781,108.58958435058594,1270400,0.0,0.0
2019-09-05 00:00:00-04:00,115.0,118.5199966430664,114.80000305175781,116.48999786376953,112.14187622070312,1541800,0.0,0.0
2019-09-06 00:00:00-04:00,116.61000061035156,118.18000030517578,115.5199966430664,116.88999938964844,112.52693176269531,861300,0.0,0.0
2019-09-09 00:00:00-04:00,118.05999755859375,120.83000183105469,117.5199966430664,120.72000122070312,116.21398162841797,1625200,0.0,0.0
2019-09-10 00:00:00-04:00,120.33999633789062,124.16999816894531,119.58000183105469,124.05000305175781,119.41968536376953,1325300,0.0,0.0
2019-09-11 00:00:00-04:00,126.55999755859375,127.7699966430664,123.62999725341797,127.62000274658203,122.8564453125,1725200,0.0,0.0
2019-09-12 00:00:00-04:00,125.94999694824219,129.69000244140625,125.94999694824219,128.0,123.22223663330078,1503500,0.0,0.0
2019-09-13 00:00:00-04:00,129.8000030517578,132.22999572753906,128.61000061035156,128.8699951171875,124.05977630615234,1879500,0.0,0.0
2019-09-16 00:00:00-04:00,128.0,131.2100067138672,126.87999725341797,128.35000610351562,123.55918884277344,1143600,0.0,0.0
2019-09-17 00:00:00-04:00,127.04000091552734,128.0,124.62999725341797,126.9000015258789,122.16329956054688,1116300,0.0,0.0
2019-09-18 00:00:00-04:00,124.80000305175781,125.41999816894531,122.81999969482422,124.70999908447266,120.05504608154297,1999800,0.0,0.0
2019-09-19 00:00:00-04:00,125.6500015258789,126.7300033569336,124.69999694824219,125.0999984741211,120.43049621582031,1291800,0.0,0.0
2019-09-20 00:00:00-04:00,129.47999572753906,130.1699981689453,126.2699966430664,126.44000244140625,121.7204818725586,2224800,0.0,0.0
2019-09-23 00:00:00-04:00,124.98999786376953,129.5500030517578,124.05000305175781,128.39999389648438,123.60730743408203,1323300,0.0,0.0
2019-09-24 00:00:00-04:00,128.1199951171875,129.13999938964844,124.18000030517578,124.7300033569336,120.07428741455078,1475600,0.0,0.0
2019-09-25 00:00:00-04:00,124.70999908447266,128.4600067138672,124.5999984741211,127.88999938964844,123.1163558959961,1124900,0.0,0.0
2019-09-26 00:00:00-04:00,127.26000213623047,128.41000366210938,126.20999908447266,127.56999969482422,122.80828094482422,835200,0.0,0.0
2019-09-27 00:00:00-04:00,128.25,129.2100067138672,123.77999877929688,124.79000091552734,120.13204956054688,1387900,0.0,0.0
2019-09-30 00:00:00-04:00,124.54000091552734,125.75,122.19999694824219,124.63999938964844,119.98765563964844,1220000,0.0,0.0
2019-10-01 00:00:00-04:00,125.83000183105469,127.06999969482422,119.1500015258789,119.56999969482422,115.10691833496094,1537900,0.0,0.0
2019-10-02 00:00:00-04:00,117.30000305175781,118.36000061035156,114.12999725341797,115.9800033569336,111.65090942382812,1732800,0.0,0.0
2019-10-03 00:00:00-04:00,115.18000030517578,116.4800033569336,112.12999725341797,116.38999938964844,112.04560089111328,1626800,0.0,0.0
2019-10-04 00:00:00-04:00,117.63999938964844,118.79000091552734,116.30999755859375,117.20999908447266,112.8349838256836,1231900,0.0,0.0
2019-10-07 00:00:00-04:00,116.69999694824219,117.62000274658203,115.23999786376953,115.66000366210938,111.34286499023438,1137500,0.0,0.0
2019-10-08 00:00:00-04:00,111.12000274658203,112.8499984741211,109.04000091552734,109.19999694824219,105.12398529052734,2316300,0.0,0.0
2019-10-09 00:00:00-04:00,110.69999694824219,112.63999938964844,109.80999755859375,111.4800033569336,107.3188705444336,1398500,0.0,0.0
2019-10-10 00:00:00-04:00,111.62999725341797,114.45999908447266,111.62999725341797,113.31999969482422,109.09017944335938,952900,0.0,0.0
2019-10-11 00:00:00-04:00,116.7699966430664,120.55000305175781,116.16999816894531,118.4000015258789,113.98058319091797,1586500,0.0,0.0
2019-10-14 00:00:00-04:00,117.31999969482422,119.13999938964844,117.0,118.68000030517578,114.2501220703125,939000,0.0,0.0
2019-10-15 00:00:00-04:00,119.05000305175781,121.48999786376953,117.66000366210938,120.68000030517578,116.17548370361328,1250300,0.0,0.0
2019-10-16 00:00:00-04:00,120.0,123.08000183105469,119.83000183105469,121.66999816894531,117.12850952148438,2142200,0.0,0.0
2019-10-17 00:00:00-04:00,123.47000122070312,132.8000030517578,122.5,127.9000015258789,123.12598419189453,6025500,0.0,0.0
2019-10-18 00:00:00-04:00,127.81999969482422,130.77000427246094,127.5,128.66000366210938,123.85760498046875,2138400,0.0,0.0
2019-10-21 00:00:00-04:00,129.5,132.94000244140625,129.3800048828125,129.6699981689453,124.82989501953125,1637900,0.0,0.0
2019-10-22 00:00:00-04:00,129.4199981689453,133.8800048828125,128.4499969482422,132.39999389648438,127.45796966552734,1780600,0.0,0.0
2019-10-23 00:00:00-04:00,131.89999389648438,134.49000549316406,130.00999450683594,133.6699981689453,128.68060302734375,1474400,0.0,0.0
2019-10-24 00:00:00-04:00,134.47999572753906,134.8000030517578,130.3800048828125,132.0,127.07295227050781,1038200,0.0,0.0
2019-10-25 00:00:00-04:00,131.1999969482422,135.6999969482422,131.0,135.3800048828125,130.32679748535156,1242900,0.0,0.0
2019-10-28 00:00:00-04:00,135.8000030517578,137.35000610351562,134.17999267578125,136.0,130.92364501953125,1121700,0.0,0.0
2019-10-29 00:00:00-04:00,135.61000061035156,138.75999450683594,134.97000122070312,137.0399932861328,131.92481994628906,1104300,0.0,0.0
2019-10-30 00:00:00-04:00,136.08999633789062,136.42999267578125,132.86000061035156,135.94000244140625,130.86587524414062,1287700,0.0,0.0
2019-10-31 00:00:00-04:00,135.5,135.5,130.02000427246094,133.57000732421875,128.58432006835938,1361200,0.0,0.0
2019-11-01 00:00:00-04:00,136.0,142.0,135.33999633789062,141.86000061035156,136.5648956298828,2098700,0.0,0.0
2019-11-04 00:00:00-05:00,142.97999572753906,147.5,142.97000122070312,146.72999572753906,141.2531280517578,2590400,0.0,0.0
2019-11-05 00:00:00-05:00,147.72000122070312,151.83999633789062,146.4199981689453,146.97999572753906,141.49378967285156,2096100,0.0,0.0
2019-11-06 00:00:00-05:00,146.86000061035156,147.42999267578125,143.8300018310547,147.13999938964844,141.6478271484375,1273400,0.0,0.0
2019-11-07 00:00:00-05:00,149.4199981689453,152.4499969482422,149.17999267578125,150.1699981689453,144.564697265625,1826700,0.0,0.0
2019-11-08 00:00:00-05:00,150.4600067138672,155.74000549316406,150.2899932861328,155.32000732421875,149.5224609375,1644500,0.0,0.0
2019-11-11 00:00:00-05:00,153.30999755859375,156.52999877929688,152.89999389648438,156.36000061035156,150.523681640625,1173200,0.0,0.0
2019-11-12 00:00:00-05:00,156.36000061035156,157.6999969482422,153.0800018310547,154.4600067138672,148.694580078125,1542600,0.0,0.0
2019-11-13 00:00:00-05:00,152.33999633789062,152.9600067138672,150.27000427246094,150.72999572753906,145.10382080078125,1515900,0.0,0.0
2019-11-14 00:00:00-05:00,150.7899932861328,153.33999633789062,150.63999938964844,152.32000732421875,146.63449096679688,863900,0.0,0.0
2019-11-15 00:00:00-05:00,154.27000427246094,155.24000549316406,152.89999389648438,154.33999633789062,148.5790557861328,969300,0.0,0.0
2019-11-18 00:00:00-05:00,154.25999450683594,154.58999633789062,151.69000244140625,153.27000427246094,147.5490264892578,1051200,0.0,0.0
2019-11-19 00:00:00-05:00,154.19000244140625,154.9600067138672,151.2100067138672,152.27000427246094,146.58633422851562,742700,0.0,0.0
2019-11-20 00:00:00-05:00,151.92999267578125,151.97000122070312,146.35000610351562,148.52000427246094,142.97630310058594,1780600,0.0,0.0
2019-11-21 00:00:00-05:00,148.66000366210938,152.63999938964844,147.75,152.47000122070312,146.7788848876953,1374400,0.0,0.0
2019-11-22 00:00:00-05:00,152.25,155.49000549316406,151.8699951171875,154.50999450683594,148.7427215576172,1053700,0.0,0.0
2019-11-25 00:00:00-05:00,155.3800048828125,157.85000610351562,153.16000366210938,157.02000427246094,151.1590576171875,1146800,0.0,0.0
2019-11-26 00:00:00-05:00,156.11000061035156,157.16000366210938,154.72999572753906,156.2899932861328,150.45626831054688,880300,0.0,0.0
2019-11-27 00:00:00-05:00,157.08999633789062,157.22999572753906,154.47000122070312,156.4600067138672,150.6199493408203,528300,0.0,0.0
2019-11-29 00:00:00-05:00,155.6999969482422,156.17999267578125,152.67999267578125,153.0500030517578,147.33718872070312,420400,0.0,0.0
2019-12-02 00:00:00-05:00,153.2100067138672,155.97999572753906,151.6199951171875,152.19000244140625,146.5093231201172,975800,0.0,0.0
2019-12-03 00:00:00-05:00,148.02000427246094,150.0800018310547,145.9499969482422,149.3699951171875,143.79457092285156,1200600,0.0,0.0
2019-12-04 00:00:00-05:00,151.60000610351562,153.85000610351562,150.3699951171875,150.52999877929688,144.9113006591797,912600,0.0,0.0
2019-12-05 00:00:00-05:00,151.74000549316406,153.19000244140625,151.0500030517578,153.1300048828125,147.41424560546875,768500,0.0,0.0
2019-12-06 00:00:00-05:00,156.17999267578125,159.38999938964844,155.94000244140625,157.25999450683594,151.39007568359375,1368500,0.0,0.0
2019-12-09 00:00:00-05:00,156.3000030517578,158.2100067138672,155.47000122070312,155.86000061035156,150.0423126220703,720100,0.0,0.0
2019-12-10 00:00:00-05:00,155.0,155.3000030517578,152.5,153.77999877929688,148.0399932861328,864700,0.0,0.0
2019-12-11 00:00:00-05:00,156.1999969482422,157.1699981689453,155.0500030517578,156.97000122070312,151.11090087890625,878000,0.0,0.0
2019-12-12 00:00:00-05:00,157.44000244140625,163.5500030517578,156.69000244140625,163.19000244140625,157.09873962402344,1437300,0.0,0.0
2019-12-13 00:00:00-05:00,162.25999450683594,165.85000610351562,160.1699981689453,162.74000549316406,156.6655731201172,933700,0.0,0.0
2019-12-16 00:00:00-05:00,164.63999938964844,166.27000427246094,164.1999969482422,165.16000366210938,158.99522399902344,1130200,0.0,0.0
2019-12-17 00:00:00-05:00,164.6999969482422,165.0,162.6999969482422,164.50999450683594,158.3694305419922,923300,0.0,0.0
2019-12-18 00:00:00-05:00,164.5500030517578,166.64999389648438,163.75999450683594,166.1999969482422,159.99639892578125,806000,0.0,0.0
2019-12-19 00:00:00-05:00,166.52999877929688,166.66000366210938,163.60000610351562,165.69000244140625,159.5054473876953,942000,0.0,0.0
2019-12-20 00:00:00-05:00,167.77000427246094,168.0,165.42999267578125,167.3300018310547,161.08416748046875,1534700,0.0,0.0
2019-12-23 00:00:00-05:00,167.0,169.74000549316406,166.57000732421875,168.9199981689453,162.61485290527344,848300,0.0,0.0
2019-12-24 00:00:00-05:00,169.72000122070312,169.89999389648438,167.97000122070312,168.44000244140625,162.15277099609375,217000,0.0,0.0
2019-12-26 00:00:00-05:00,168.74000549316406,169.8800048828125,168.13999938964844,169.82000732421875,163.4812774658203,476400,0.0,0.0
2019-12-27 00:00:00-05:00,169.74000549316406,170.0399932861328,168.0,168.52999877929688,162.23944091796875,570800,0.0,0.0
2019-12-30 00:00:00-05:00,168.6999969482422,169.64999389648438,167.2100067138672,168.36000061035156,162.07574462890625,400000,0.0,0.0
2019-12-31 00:00:00-05:00,167.6999969482422,169.3699951171875,166.36000061035156,166.77000427246094,160.5451202392578,617500,0.0,0.0
2020-01-02 00:00:00-05:00,168.41000366210938,168.6699981689453,164.41000366210938,168.64999389648438,162.3549346923828,861200,0.0,0.0
2020-01-03 00:00:00-05:00,164.99000549316406,166.55999755859375,161.3699951171875,165.7100067138672,159.52467346191406,1089000,0.0,0.0
2020-01-06 00:00:00-05:00,162.61000061035156,165.69000244140625,162.36000061035156,165.3800048828125,159.20701599121094,707500,0.0,0.0
2020-01-07 00:00:00-05:00,165.0,165.97000122070312,163.6300048828125,165.0800018310547,158.9181671142578,525200,0.0,0.0
2020-01-08 00:00:00-05:00,165.30999755859375,166.27000427246094,163.61000061035156,164.80999755859375,158.65826416015625,688700,0.0,0.0
2020-01-09 00:00:00-05:00,165.91000366210938,165.9199981689453,162.6199951171875,163.22999572753906,157.13726806640625,923200,0.0,0.0
2020-01-10 00:00:00-05:00,163.22999572753906,163.4499969482422,158.64999389648438,159.47000122070312,153.51759338378906,993400,0.0,0.0
2020-01-13 00:00:00-05:00,160.60000610351562,160.86000061035156,155.7100067138672,157.44000244140625,151.5633544921875,1537700,0.0,0.0
2020-01-14 00:00:00-05:00,156.27000427246094,157.07000732421875,152.6199951171875,154.33999633789062,148.5790557861328,1419800,0.0,0.0
2020-01-15 00:00:00-05:00,153.24000549316406,156.0500030517578,152.25,154.88999938964844,149.10853576660156,924700,0.0,0.0
2020-01-16 00:00:00-05:00,156.02999877929688,157.7899932861328,155.50999450683594,157.64999389648438,151.76553344726562,891800,0.0,0.0
2020-01-17 00:00:00-05:00,158.4600067138672,161.27999877929688,158.13999938964844,158.72000122070312,152.79556274414062,1119300,0.0,0.0
2020-01-21 00:00:00-05:00,157.89999389648438,157.89999389648438,154.7899932861328,154.99000549316406,149.20480346679688,1146400,0.0,0.0
2020-01-22 00:00:00-05:00,156.42999267578125,156.9499969482422,154.6300048828125,155.27000427246094,149.474365234375,742200,0.0,0.0
2020-01-23 00:00:00-05:00,153.66000366210938,155.35000610351562,150.83999633789062,155.14999389648438,149.3588409423828,1107200,0.0,0.0
2020-01-24 00:00:00-05:00,155.24000549316406,155.82000732421875,149.50999450683594,151.64999389648438,145.989501953125,1232300,0.0,0.0
2020-01-27 00:00:00-05:00,146.5399932861328,149.72000122070312,146.0399932861328,146.27000427246094,140.810302734375,1521400,0.0,0.0
2020-01-28 00:00:00-05:00,148.25,151.5500030517578,147.30999755859375,150.5,144.88243103027344,872400,0.0,0.0
2020-01-29 00:00:00-05:00,151.5,153.66000366210938,150.55999755859375,152.25999450683594,146.57669067382812,1298100,0.0,0.0
2020-01-30 00:00:00-05:00,150.0500030517578,152.55999755859375,140.07000732421875,141.5800018310547,136.2953643798828,2641700,0.0,0.0
2020-01-31 00:00:00-05:00,139.83999633789062,140.83999633789062,135.25999450683594,135.69000244140625,130.62521362304688,2159300,0.0,0.0
2020-02-03 00:00:00-05:00,137.19000244140625,141.30999755859375,136.72000122070312,139.52000427246094,134.312255859375,1729600,0.0,0.0
2020-02-04 00:00:00-05:00,142.27000427246094,149.3300018310547,141.61000061035156,147.52999877929688,142.02325439453125,1548000,0.0,0.0
2020-02-05 00:00:00-05:00,151.0,155.27999877929688,150.25,154.3800048828125,148.61758422851562,1329100,0.0,0.0
2020-02-06 00:00:00-05:00,155.25999450683594,155.25999450683594,150.36000061035156,152.61000061035156,146.9136505126953,770900,0.0,0.0
2020-02-07 00:00:00-05:00,151.27999877929688,151.55999755859375,149.0500030517578,149.75,144.16036987304688,820000,0.0,0.0
2020-02-10 00:00:00-05:00,149.27000427246094,151.08999633789062,148.25999450683594,150.75,145.12306213378906,537500,0.0,0.0
2020-02-11 00:00:00-05:00,152.58999633789062,156.0,151.89999389648438,154.0500030517578,148.2998809814453,1061200,0.0,0.0
2020-02-12 00:00:00-05:00,156.9499969482422,160.0800018310547,156.02000427246094,158.8699951171875,152.9399871826172,1093700,0.0,0.0
2020-02-13 00:00:00-05:00,157.47000122070312,160.2899932861328,157.0,160.0800018310547,154.1048126220703,847400,0.0,0.0
2020-02-14 00:00:00-05:00,159.99000549316406,161.11000061035156,154.89999389648438,156.86000061035156,151.00502014160156,601800,0.0,0.0
2020-02-18 00:00:00-05:00,155.25,156.58999633789062,151.52000427246094,153.97999572753906,148.23248291015625,847900,0.0,0.0
2020-02-19 00:00:00-05:00,154.85000610351562,156.49000549316406,153.16000366210938,153.5500030517578,147.818603515625,619500,0.0,0.0
2020-02-20 00:00:00-05:00,152.75999450683594,159.1199951171875,152.5500030517578,155.72000122070312,149.90757751464844,821800,0.0,0.0
2020-02-21 00:00:00-05:00,153.72000122070312,154.47000122070312,150.8000030517578,151.41000366210938,145.7584228515625,973000,0.0,0.0
2020-02-24 00:00:00-05:00,143.72999572753906,143.97000122070312,139.42999267578125,141.9499969482422,136.6515655517578,1431300,0.0,0.0
2020-02-25 00:00:00-05:00,142.66000366210938,143.5,132.72000122070312,134.63999938964844,129.6143798828125,1736900,0.0,0.0
2020-02-26 00:00:00-05:00,136.64999389648438,137.69000244140625,131.55999755859375,131.72000122070312,126.80340576171875,1450000,0.0,0.0
2020-02-27 00:00:00-05:00,126.31999969482422,136.8300018310547,123.62999725341797,129.63999938964844,124.80101013183594,1918300,0.0,0.0
2020-02-28 00:00:00-05:00,124.54000091552734,135.36000061035156,124.0999984741211,132.47999572753906,127.5350341796875,2540600,0.0,0.0
2020-03-02 00:00:00-05:00,134.52000427246094,135.8000030517578,127.0,135.8000030517578,130.7310791015625,1979100,0.0,0.0
2020-03-03 00:00:00-05:00,135.41000366210938,138.61000061035156,126.56999969482422,128.63999938964844,123.83836364746094,1508500,0.0,0.0
2020-03-04 00:00:00-05:00,131.05999755859375,132.3300018310547,126.37999725341797,130.16000366210938,125.30162048339844,1566600,0.0,0.0
2020-03-05 00:00:00-05:00,125.36000061035156,125.73999786376953,118.66999816894531,119.81999969482422,115.34757232666016,1923300,0.0,0.0
2020-03-06 00:00:00-05:00,114.05000305175781,118.36000061035156,111.6500015258789,115.66999816894531,111.35246276855469,2691400,0.0,0.0
2020-03-09 00:00:00-04:00,100.98999786376953,106.7699966430664,97.9000015258789,98.95999908447266,95.26620483398438,3339800,0.0,0.0
2020-03-10 00:00:00-04:00,104.97000122070312,108.8499984741211,97.95999908447266,107.41999816894531,103.41040802001953,2642200,0.0,0.0
2020-03-11 00:00:00-04:00,102.33999633789062,104.20999908447266,98.37999725341797,99.72000122070312,95.99783325195312,2691200,0.0,0.0
2020-03-12 00:00:00-04:00,91.0199966430664,94.05000305175781,83.0,83.2300033569336,80.12332916259766,3399200,0.0,0.0
2020-03-13 00:00:00-04:00,90.19999694824219,91.55999755859375,83.01000213623047,91.01000213623047,87.61294555664062,2487300,0.0,0.0
2020-03-16 00:00:00-04:00,78.0,90.38999938964844,76.08999633789062,83.2300033569336,80.12332916259766,2732400,0.0,0.0
2020-03-17 00:00:00-04:00,85.0999984741211,86.02999877929688,74.62000274658203,81.43000030517578,78.39053344726562,2620100,0.0,0.0
2020-03-18 00:00:00-04:00,73.94000244140625,75.54000091552734,58.849998474121094,69.58999633789062,66.99246978759766,3458200,0.0,0.0
2020-03-19 00:00:00-04:00,67.80999755859375,79.4000015258789,63.58000183105469,77.70999908447266,74.80938720703125,2863700,0.0,0.0
2020-03-20 00:00:00-04:00,79.52999877929688,82.04000091552734,69.97000122070312,70.0999984741211,67.48342895507812,2519700,0.0,0.0
2020-03-23 00:00:00-04:00,69.16000366210938,72.54000091552734,63.77000045776367,70.88999938964844,68.24394989013672,2183200,0.0,0.0
2020-03-24 00:00:00-04:00,77.5199966430664,89.68000030517578,77.33000183105469,86.61000061035156,83.3771743774414,2780300,0.0,0.0
2020-03-25 00:00:00-04:00,89.31999969482422,101.18000030517578,82.54000091552734,93.19000244140625,89.7115707397461,2442700,0.0,0.0
2020-03-26 00:00:00-04:00,95.12999725341797,101.26000213623047,90.29000091552734,99.18000030517578,95.47799682617188,2516100,0.0,0.0
2020-03-27 00:00:00-04:00,92.0999984741211,92.98999786376953,86.44999694824219,90.1500015258789,86.78504180908203,2617400,0.0,0.0
2020-03-30 00:00:00-04:00,88.43000030517578,95.48999786376953,86.0,95.16000366210938,91.6080322265625,2248800,0.0,0.0
2020-03-31 00:00:00-04:00,95.12000274658203,105.73999786376953,94.63999938964844,102.9000015258789,99.05912780761719,3265600,0.0,0.0
2020-04-01 00:00:00-04:00,96.94000244140625,100.43000030517578,92.13999938964844,95.9800033569336,92.39743041992188,2112000,0.0,0.0
2020-04-02 00:00:00-04:00,95.33999633789062,103.5,93.25,96.16000366210938,92.57071685791016,2132800,0.0,0.0
2020-04-03 00:00:00-04:00,92.33000183105469,93.76000213623047,86.69000244140625,91.06999969482422,87.67070007324219,2359000,0.0,0.0
2020-04-06 00:00:00-04:00,97.08000183105469,104.25,97.0,103.18000030517578,99.32867431640625,2261300,0.0,0.0
2020-04-07 00:00:00-04:00,111.0199966430664,111.98999786376953,104.01000213623047,107.93000030517578,103.90138244628906,2471500,0.0,0.0
2020-04-08 00:00:00-04:00,109.08000183105469,114.94000244140625,107.30999755859375,111.63999938964844,107.472900390625,1520300,0.0,0.0
2020-04-09 00:00:00-04:00,113.12000274658203,114.83999633789062,103.6500015258789,107.70999908447266,103.68958282470703,2607900,0.0,0.0
2020-04-13 00:00:00-04:00,103.37000274658203,104.9000015258789,100.12999725341797,103.76000213623047,99.88704681396484,1531100,0.0,0.0
2020-04-14 00:00:00-04:00,107.0,109.81999969482422,105.1500015258789,108.63999938964844,104.58488464355469,1340200,0.0,0.0
2020-04-15 00:00:00-04:00,103.55999755859375,104.95999908447266,100.19999694824219,103.79000091552734,99.9159164428711,1652500,0.0,0.0
2020-04-16 00:00:00-04:00,103.37000274658203,103.97000122070312,94.80000305175781,98.55000305175781,94.87149810791016,2726000,0.0,0.0
2020-04-17 00:00:00-04:00,102.18000030517578,106.19999694824219,100.51000213623047,105.05000305175781,101.12889099121094,2060800,0.0,0.0
2020-04-20 00:00:00-04:00,101.88999938964844,104.9000015258789,98.31999969482422,100.5999984741211,96.84496307373047,1951300,0.0,0.0
2020-04-21 00:00:00-04:00,97.16000366210938,99.25,96.18000030517578,97.66999816894531,94.02434539794922,1228800,0.0,0.0
2020-04-22 00:00:00-04:00,101.77999877929688,101.79000091552734,99.05000305175781,100.62000274658203,96.86424255371094,1170900,0.0,0.0
2020-04-23 00:00:00-04:00,102.19999694824219,105.05000305175781,100.22000122070312,103.7300033569336,99.858154296875,1417000,0.0,0.0
2020-04-24 00:00:00-04:00,105.41999816894531,107.30000305175781,102.23999786376953,106.05000305175781,102.09156799316406,960100,0.0,0.0
2020-04-27 00:00:00-04:00,105.54000091552734,111.9800033569336,105.0199966430664,111.02999877929688,106.88565826416016,1483500,0.0,0.0
2020-04-28 00:00:00-04:00,115.7300033569336,118.79000091552734,112.79000091552734,116.55000305175781,112.19964599609375,2028500,0.0,0.0
2020-04-29 00:00:00-04:00,121.11000061035156,128.41000366210938,120.02999877929688,127.9800033569336,123.2029800415039,2312800,0.0,0.0
2020-04-30 00:00:00-04:00,126.22000122070312,130.99000549316406,120.5,128.5,123.70359802246094,2690600,0.0,0.0
2020-05-01 00:00:00-04:00,125.55000305175781,125.93000030517578,118.3499984741211,119.27999877929688,114.8277359008789,1934800,0.0,0.0
2020-05-04 00:00:00-04:00,116.13999938964844,117.61000061035156,112.01000213623047,116.75,112.39216613769531,1291000,0.0,0.0
2020-05-05 00:00:00-04:00,119.41000366210938,122.3499984741211,113.62999725341797,113.87000274658203,109.61967468261719,1189500,0.0,0.0
2020-05-06 00:00:00-04:00,114.33000183105469,116.33999633789062,110.70999908447266,110.80999755859375,106.67388153076172,878900,0.0,0.0
2020-05-07 00:00:00-04:00,112.86000061035156,115.75,111.62999725341797,112.7300033569336,108.522216796875,1039200,0.0,0.0
2020-05-08 00:00:00-04:00,115.16000366210938,119.77999877929688,113.5,119.58000183105469,115.11653900146484,900600,0.0,0.0
2020-05-11 00:00:00-04:00,117.08000183105469,119.02999877929688,114.80000305175781,116.5199966430664,112.17074584960938,900500,0.0,0.0
2020-05-12 00:00:00-04:00,117.12000274658203,117.30000305175781,110.08000183105469,110.18000030517578,106.06739807128906,997500,0.0,0.0
2020-05-13 00:00:00-04:00,109.94999694824219,111.1500015258789,106.5,108.7699966430664,104.71002960205078,1166200,0.0,0.0
2020-05-14 00:00:00-04:00,107.30000305175781,116.23999786376953,105.26000213623047,116.05999755859375,111.72792053222656,1728200,0.0,0.0
2020-05-15 00:00:00-04:00,114.51000213623047,118.94999694824219,113.33000183105469,118.56999969482422,114.14421081542969,1468800,0.0,0.0
2020-05-18 00:00:00-04:00,126.30000305175781,133.00999450683594,125.12000274658203,129.3300018310547,124.50260925292969,2404100,0.0,0.0
2020-05-19 00:00:00-04:00,128.00999450683594,129.4600067138672,124.58999633789062,124.75,120.09354400634766,1151300,0.0,0.0
2020-05-20 00:00:00-04:00,128.4600067138672,129.5800018310547,126.05000305175781,128.02000427246094,123.24151611328125,1217300,0.0,0.0
2020-05-21 00:00:00-04:00,128.4199981689453,129.88999938964844,126.25,127.72000122070312,122.95268249511719,672500,0.0,0.0
2020-05-22 00:00:00-04:00,127.76000213623047,131.61000061035156,126.56999969482422,130.55999755859375,125.68669128417969,914600,0.0,0.0
2020-05-26 00:00:00-04:00,135.5,140.39999389648438,135.25,137.1699981689453,132.04995727539062,1634400,0.0,0.0
2020-05-27 00:00:00-04:00,141.6300048828125,143.6999969482422,137.25999450683594,140.47999572753906,135.2364044189453,2192700,0.0,0.0
2020-05-28 00:00:00-04:00,142.11000061035156,142.11000061035156,136.52000427246094,137.6199951171875,132.48316955566406,1330000,0.0,0.0
2020-05-29 00:00:00-04:00,135.3699951171875,141.3000030517578,134.38999938964844,138.88999938964844,133.70578002929688,1540800,0.0,0.0
2020-06-01 00:00:00-04:00,138.9499969482422,141.91000366210938,137.3000030517578,139.9600067138672,134.73580932617188,763600,0.0,0.0
2020-06-02 00:00:00-04:00,142.0,144.27999877929688,141.14999389648438,143.1300048828125,137.78749084472656,1062200,0.0,0.0
2020-06-03 00:00:00-04:00,145.35000610351562,150.8699951171875,145.3000030517578,149.7899932861328,144.1988983154297,1228100,0.0,0.0
2020-06-04 00:00:00-04:00,148.94000244140625,153.9499969482422,147.05999755859375,151.3800048828125,145.7295684814453,1509300,0.0,0.0
2020-06-05 00:00:00-04:00,160.0399932861328,165.8699951171875,159.32000732421875,161.36000061035156,155.33705139160156,3124100,0.0,0.0
2020-06-08 00:00:00-04:00,162.66000366210938,165.8000030517578,156.42999267578125,158.27999877929688,152.3719940185547,1931400,0.0,0.0
2020-06-09 00:00:00-04:00,154.41000366210938,161.60000610351562,152.5,158.25,152.34310913085938,1435500,0.0,0.0
2020-06-10 00:00:00-04:00,158.22000122070312,158.91000366210938,153.60000610351562,155.60000610351562,149.7920379638672,1502700,0.0,0.0
2020-06-11 00:00:00-04:00,144.13999938964844,148.0,141.7899932861328,142.0500030517578,136.74781799316406,2002100,0.0,0.0
2020-06-12 00:00:00-04:00,149.25,149.44000244140625,139.3699951171875,143.49000549316406,138.13404846191406,1315400,0.0,0.0
2020-06-15 00:00:00-04:00,136.85000610351562,147.8000030517578,136.50999450683594,147.0399932861328,141.55154418945312,1110200,0.0,0.0
2020-06-16 00:00:00-04:00,157.5,161.05999755859375,154.67999267578125,158.2899932861328,152.38162231445312,2592100,0.0,0.0
2020-06-17 00:00:00-04:00,157.83999633789062,158.0399932861328,154.67999267578125,155.55999755859375,149.7535400390625,1251100,0.0,0.0
2020-06-18 00:00:00-04:00,154.8000030517578,156.58999633789062,152.75999450683594,153.80999755859375,148.06884765625,1407800,0.0,0.0
2020-06-19 00:00:00-04:00,157.60000610351562,158.47000122070312,152.39999389648438,155.50999450683594,149.70538330078125,1981400,0.0,0.0
2020-06-22 00:00:00-04:00,154.4600067138672,157.52999877929688,152.74000549316406,157.11000061035156,151.24566650390625,1235800,0.0,0.0
2020-06-23 00:00:00-04:00,158.02000427246094,158.67999267578125,153.94000244140625,153.97999572753906,148.23248291015625,1146600,0.0,0.0
2020-06-24 00:00:00-04:00,152.25999450683594,152.27999877929688,142.27000427246094,142.42999267578125,137.11363220214844,2151600,0.0,0.0
2020-06-25 00:00:00-04:00,141.27999877929688,144.97999572753906,139.10000610351562,144.33999633789062,138.95230102539062,1348000,0.0,0.0
2020-06-26 00:00:00-04:00,143.3000030517578,144.02000427246094,139.9499969482422,140.39999389648438,135.15939331054688,2392500,0.0,0.0
2020-06-29 00:00:00-04:00,143.11000061035156,148.36000061035156,141.8300018310547,147.72000122070312,142.20619201660156,1164200,0.0,0.0
2020-06-30 00:00:00-04:00,147.07000732421875,149.72000122070312,146.32000732421875,149.0399932861328,143.4768829345703,867000,0.0,0.0
2020-07-01 00:00:00-04:00,150.0,151.6699981689453,145.39999389648438,145.8000030517578,140.35781860351562,950900,0.0,0.0
2020-07-02 00:00:00-04:00,149.30999755859375,152.8800048828125,147.0800018310547,147.91000366210938,142.38909912109375,1019300,0.0,0.0
2020-07-06 00:00:00-04:00,150.83999633789062,152.25,149.5,150.74000549316406,145.11346435546875,769600,0.0,0.0
2020-07-07 00:00:00-04:00,149.1199951171875,151.9600067138672,147.5,147.57000732421875,142.061767578125,935300,0.0,0.0
2020-07-08 00:00:00-04:00,147.32000732421875,149.36000061035156,145.10000610351562,148.64999389648438,143.10145568847656,769800,0.0,0.0
2020-07-09 00:00:00-04:00,149.02999877929688,149.8699951171875,142.00999450683594,143.66000366210938,138.29776000976562,848000,0.0,0.0
2020-07-10 00:00:00-04:00,143.9600067138672,148.92999267578125,143.7100067138672,147.8300018310547,142.31210327148438,921400,0.0,0.0
2020-07-13 00:00:00-04:00,151.1300048828125,155.38999938964844,149.16000366210938,152.1999969482422,146.51893615722656,1256500,0.0,0.0
2020-07-14 00:00:00-04:00,151.16000366210938,157.72000122070312,149.63999938964844,157.14999389648438,151.28416442871094,953200,0.0,0.0
2020-07-15 00:00:00-04:00,160.2899932861328,161.9499969482422,157.4600067138672,160.8000030517578,154.79794311523438,987400,0.0,0.0
2020-07-16 00:00:00-04:00,160.0800018310547,162.58999633789062,157.63999938964844,158.44000244140625,152.52606201171875,785700,0.0,0.0
2020-07-17 00:00:00-04:00,159.4600067138672,160.47999572753906,157.75,159.0800018310547,153.1421356201172,608700,0.0,0.0
2020-07-20 00:00:00-04:00,158.0,159.5,156.49000549316406,157.24000549316406,151.37083435058594,517400,0.0,0.0
2020-07-21 00:00:00-04:00,159.14999389648438,163.0800018310547,158.88999938964844,160.3000030517578,154.3166046142578,824600,0.0,0.0
2020-07-22 00:00:00-04:00,158.8800048828125,163.1999969482422,158.8800048828125,162.75,156.67515563964844,832000,0.0,0.0
2020-07-23 00:00:00-04:00,162.8300018310547,165.85000610351562,161.5800018310547,163.49000549316406,157.38754272460938,763400,0.0,0.0
2020-07-24 00:00:00-04:00,163.61000061035156,164.44000244140625,160.8000030517578,160.8800048828125,154.87496948242188,632400,0.0,0.0
2020-07-27 00:00:00-04:00,160.07000732421875,163.89999389648438,159.24000549316406,163.2899932861328,157.1949920654297,865400,0.0,0.0
2020-07-28 00:00:00-04:00,161.24000549316406,162.2899932861328,157.6999969482422,158.3300018310547,152.42015075683594,760000,0.0,0.0
2020-07-29 00:00:00-04:00,158.69000244140625,163.58999633789062,158.47999572753906,163.4199981689453,157.32012939453125,1060800,0.0,0.0
2020-07-30 00:00:00-04:00,161.36000061035156,161.7899932861328,153.75999450683594,156.91000366210938,151.05316162109375,1861300,0.0,0.0
2020-07-31 00:00:00-04:00,157.35000610351562,157.35000610351562,151.41000366210938,155.3699951171875,149.57061767578125,1198400,0.0,0.0
2020-08-03 00:00:00-04:00,156.6999969482422,159.97999572753906,155.39999389648438,159.6300048828125,153.671630859375,770300,0.0,0.0
2020-08-04 00:00:00-04:00,159.14999389648438,162.36000061035156,158.80999755859375,160.83999633789062,154.8364715576172,714300,0.0,0.0
2020-08-05 00:00:00-04:00,162.5,169.94000244140625,161.5399932861328,169.55999755859375,163.23098754882812,1113300,0.0,0.0
2020-08-06 00:00:00-04:00,169.22000122070312,169.8699951171875,167.22999572753906,168.64999389648438,162.3549346923828,657900,0.0,0.0
2020-08-07 00:00:00-04:00,167.74000549316406,174.11000061035156,167.63999938964844,173.58999633789062,167.1105194091797,875400,0.0,0.0
2020-08-10 00:00:00-04:00,174.14999389648438,184.2100067138672,174.14999389648438,181.25999450683594,174.49424743652344,1279500,0.0,0.0
2020-08-11 00:00:00-04:00,183.32000732421875,186.77999877929688,174.86000061035156,175.6199951171875,169.0647735595703,1644300,0.0,0.0
2020-08-12 00:00:00-04:00,178.02999877929688,180.50999450683594,176.19000244140625,178.60000610351562,171.93356323242188,588600,0.0,0.0
2020-08-13 00:00:00-04:00,178.1300048828125,181.92999267578125,177.6300048828125,178.3699951171875,171.71209716796875,676200,0.0,0.0
2020-08-14 00:00:00-04:00,177.7899932861328,181.75,176.91000366210938,179.3300018310547,172.63629150390625,677900,0.0,0.0
2020-08-17 00:00:00-04:00,179.2100067138672,181.3300018310547,178.72999572753906,179.0800018310547,172.39561462402344,497800,0.0,0.0
2020-08-18 00:00:00-04:00,179.02000427246094,179.4499969482422,176.22000122070312,176.55999755859375,169.9696807861328,483300,0.0,0.0
2020-08-19 00:00:00-04:00,176.22999572753906,177.97999572753906,174.9199981689453,175.42999267578125,168.88186645507812,804400,0.0,0.0
2020-08-20 00:00:00-04:00,172.63999938964844,175.6999969482422,172.08999633789062,174.5500030517578,168.0347137451172,584900,0.0,0.0
2020-08-21 00:00:00-04:00,174.85000610351562,176.14999389648438,173.69000244140625,175.05999755859375,168.52569580078125,464800,0.0,0.0
2020-08-24 00:00:00-04:00,177.3800048828125,180.35000610351562,175.4199981689453,176.97000122070312,170.3643798828125,1076700,0.0,0.0
2020-08-25 00:00:00-04:00,178.07000732421875,179.91000366210938,174.9499969482422,176.82000732421875,170.219970703125,421400,0.0,0.0
2020-08-26 00:00:00-04:00,175.67999267578125,178.69000244140625,174.00999450683594,177.58999633789062,170.96124267578125,608600,0.0,0.0
2020-08-27 00:00:00-04:00,178.0,180.0,177.27999877929688,179.02000427246094,172.3378448486328,518200,0.0,0.0
2020-08-28 00:00:00-04:00,179.49000549316406,182.7899932861328,178.88999938964844,182.52999877929688,175.7168426513672,516900,0.0,0.0
2020-08-31 00:00:00-04:00,181.85000610351562,182.47000122070312,176.97000122070312,177.0500030517578,170.44139099121094,695300,0.0,0.0
2020-09-01 00:00:00-04:00,176.02000427246094,183.2100067138672,175.2899932861328,182.5399932861328,175.72647094726562,935900,0.0,0.0
2020-09-02 00:00:00-04:00,182.49000549316406,185.2899932861328,177.75,184.5800018310547,177.69033813476562,788800,0.0,0.0
2020-09-03 00:00:00-04:00,183.0,183.61000061035156,171.66000366210938,174.38999938964844,167.8806915283203,1006700,0.0,0.0
2020-09-04 00:00:00-04:00,177.69000244140625,179.2899932861328,170.6699981689453,176.42999267578125,169.84454345703125,966500,0.0,0.0
2020-09-08 00:00:00-04:00,171.61000061035156,176.30999755859375,168.5,172.3699951171875,165.93606567382812,912200,0.0,0.0
2020-09-09 00:00:00-04:00,174.88999938964844,177.41000366210938,173.89999389648438,175.88999938964844,169.32470703125,797400,0.0,0.0
2020-09-10 00:00:00-04:00,176.89999389648438,177.13999938964844,171.39999389648438,171.9600067138672,165.5413818359375,808100,0.0,0.0
2020-09-11 00:00:00-04:00,173.4600067138672,175.35000610351562,172.22000122070312,174.6300048828125,168.11175537109375,445300,0.0,0.0
2020-09-14 00:00:00-04:00,177.49000549316406,178.3000030517578,174.91000366210938,176.5800018310547,169.98895263671875,432200,0.0,0.0
2020-09-15 00:00:00-04:00,177.9199981689453,178.97000122070312,175.27000427246094,176.55999755859375,169.9696807861328,623800,0.0,0.0
2020-09-16 00:00:00-04:00,177.19000244140625,183.10000610351562,175.42999267578125,181.5500030517578,174.77340698242188,807700,0.0,0.0
2020-09-17 00:00:00-04:00,178.27999877929688,184.0,175.88999938964844,180.77999877929688,174.03216552734375,859100,0.0,0.0
2020-09-18 00:00:00-04:00,180.05999755859375,181.44000244140625,173.58999633789062,176.1999969482422,169.6231231689453,1305100,0.0,0.0
2020-09-21 00:00:00-04:00,171.1999969482422,172.0500030517578,164.2899932861328,167.47999572753906,161.2285919189453,746400,0.0,0.0
2020-09-22 00:00:00-04:00,167.6999969482422,168.75,165.32000732421875,167.97000122070312,161.7003173828125,586100,0.0,0.0
2020-09-23 00:00:00-04:00,168.32000732421875,170.99000549316406,161.75,161.97999572753906,155.9339141845703,828400,0.0,0.0
2020-09-24 00:00:00-04:00,161.25,168.02999877929688,159.00999450683594,166.6300048828125,160.4103546142578,1068200,0.0,0.0
2020-09-25 00:00:00-04:00,164.91000366210938,169.69000244140625,164.30999755859375,168.13999938964844,161.8639678955078,545200,0.0,0.0
2020-09-28 00:00:00-04:00,172.1300048828125,178.63999938964844,170.99000549316406,175.72999572753906,169.17066955566406,782700,0.0,0.0
2020-09-29 00:00:00-04:00,174.88999938964844,176.6199951171875,171.5,174.2100067138672,167.70741271972656,599700,0.0,0.0
2020-09-30 00:00:00-04:00,175.55999755859375,179.4499969482422,171.75,174.5,167.98658752441406,800900,0.0,0.0
2020-10-01 00:00:00-04:00,176.5800018310547,176.5800018310547,171.8800048828125,175.35000610351562,168.8048553466797,911500,0.0,0.0
2020-10-02 00:00:00-04:00,171.75,186.24000549316406,171.75,185.02000427246094,178.1138916015625,1159000,0.0,0.0
2020-10-05 00:00:00-04:00,187.1999969482422,198.6199951171875,186.60000610351562,197.6999969482422,190.3206024169922,1539700,0.0,0.0
2020-10-06 00:00:00-04:00,197.97000122070312,200.64999389648438,193.47000122070312,193.8699951171875,186.63352966308594,1171200,0.0,0.0
2020-10-07 00:00:00-04:00,197.82000732421875,201.50999450683594,196.0800018310547,198.9600067138672,191.53358459472656,770500,0.0,0.0
2020-10-08 00:00:00-04:00,201.0,202.0,197.0399932861328,199.49000549316406,192.04379272460938,609000,0.0,0.0
2020-10-09 00:00:00-04:00,201.14999389648438,203.57000732421875,195.92999267578125,196.94000244140625,189.58897399902344,819200,0.0,0.0
2020-10-12 00:00:00-04:00,197.5399932861328,200.36000061035156,194.17999267578125,199.10000610351562,191.66836547851562,665400,0.0,0.0
2020-10-13 00:00:00-04:00,196.64999389648438,197.25999450683594,192.1199951171875,194.27000427246094,187.0186309814453,780400,0.0,0.0
2020-10-14 00:00:00-04:00,196.16000366210938,197.0,187.7899932861328,188.1300048828125,181.1078338623047,1045200,0.0,0.0
2020-10-15 00:00:00-04:00,186.58999633789062,189.5,185.42999267578125,188.42999267578125,181.39659118652344,783800,0.0,0.0
2020-10-16 00:00:00-04:00,189.7100067138672,196.0500030517578,188.57000732421875,192.94000244140625,185.73826599121094,806400,0.0,0.0
2020-10-19 00:00:00-04:00,191.00999450683594,194.8000030517578,186.66000366210938,187.44000244140625,180.44358825683594,668500,0.0,0.0
2020-10-20 00:00:00-04:00,189.60000610351562,192.49000549316406,188.77000427246094,189.32000732421875,182.25338745117188,576600,0.0,0.0
2020-10-21 00:00:00-04:00,188.44000244140625,190.9499969482422,185.57000732421875,186.8699951171875,179.8948516845703,552000,0.0,0.0
2020-10-22 00:00:00-04:00,186.5399932861328,189.27999877929688,184.02000427246094,185.39999389648438,178.4796905517578,686500,0.0,0.0
2020-10-23 00:00:00-04:00,187.9199981689453,189.08999633789062,184.08999633789062,188.24000549316406,181.2136993408203,519100,0.0,0.0
2020-10-26 00:00:00-04:00,184.6300048828125,185.2899932861328,179.41000366210938,182.1199951171875,175.3221435546875,551300,0.0,0.0
2020-10-27 00:00:00-04:00,182.4499969482422,182.4499969482422,174.75,174.80999755859375,168.2849884033203,1014800,0.0,0.0
2020-10-28 00:00:00-04:00,169.0,172.83999633789062,167.25,170.72999572753906,164.35728454589844,1153800,0.0,0.0
2020-10-29 00:00:00-04:00,175.49000549316406,176.97999572753906,169.27000427246094,173.22000122070312,166.7543487548828,1151500,0.0,0.0
2020-10-30 00:00:00-04:00,171.91000366210938,179.3800048828125,170.13999938964844,178.2899932861328,171.63510131835938,1234400,0.0,0.0
2020-11-02 00:00:00-05:00,181.0,192.9600067138672,180.57000732421875,192.6699981689453,185.47836303710938,1327400,0.0,0.0
2020-11-03 00:00:00-05:00,197.0,202.94000244140625,195.19000244140625,201.4499969482422,193.93063354492188,1425700,0.0,0.0
2020-11-04 00:00:00-05:00,188.0500030517578,190.0,178.85000610351562,179.19000244140625,172.5015106201172,2760200,0.0,0.0
2020-11-05 00:00:00-05:00,185.0,191.99000549316406,183.00999450683594,188.47000122070312,181.43511962890625,1404300,0.0,0.0
2020-11-06 00:00:00-05:00,188.47000122070312,194.85000610351562,187.97999572753906,191.4600067138672,184.3135223388672,801300,0.0,0.0
2020-11-09 00:00:00-05:00,205.02000427246094,213.0,202.35000610351562,205.82000732421875,198.1375274658203,1330500,0.0,0.0
2020-11-10 00:00:00-05:00,205.0800018310547,212.8000030517578,205.0800018310547,209.27000427246094,201.458740234375,801900,0.0,0.0
2020-11-11 00:00:00-05:00,209.97000122070312,210.22999572753906,203.47000122070312,207.25,199.51412963867188,477000,0.0,0.0
2020-11-12 00:00:00-05:00,204.55999755859375,205.27000427246094,198.74000549316406,201.9199981689453,194.38307189941406,567900,0.0,0.0
2020-11-13 00:00:00-05:00,205.3000030517578,209.47999572753906,204.14999389648438,207.27000427246094,199.5334014892578,634700,0.0,0.0
2020-11-16 00:00:00-05:00,211.27000427246094,217.8800048828125,207.83999633789062,217.8300018310547,209.69921875,1315800,0.0,0.0
2020-11-17 00:00:00-05:00,214.0,216.4499969482422,211.27999877929688,214.6199951171875,206.60903930664062,641800,0.0,0.0
2020-11-18 00:00:00-05:00,216.0,220.80999755859375,214.08999633789062,216.25,208.17819213867188,1103500,0.0,0.0
2020-11-19 00:00:00-05:00,214.47000122070312,217.10000610351562,209.16000366210938,217.0,208.90020751953125,779300,0.0,0.0
2020-11-20 00:00:00-05:00,222.83999633789062,223.88999938964844,218.58999633789062,219.8000030517578,211.59568786621094,1023300,0.0,0.0
2020-11-23 00:00:00-05:00,223.55999755859375,227.80999755859375,221.92999267578125,226.30999755859375,217.86270141601562,830300,0.0,0.0
2020-11-24 00:00:00-05:00,230.4600067138672,240.25999450683594,229.0,237.91000366210938,229.0297393798828,1185000,0.0,0.0
2020-11-25 00:00:00-05:00,235.11000061035156,235.89999389648438,228.36000061035156,230.4600067138672,221.85781860351562,760100,0.0,0.0
2020-11-27 00:00:00-05:00,230.19000244140625,234.5500030517578,230.19000244140625,232.91000366210938,224.21633911132812,336700,0.0,0.0
2020-11-30 00:00:00-05:00,231.72000122070312,232.0,226.05999755859375,226.97999572753906,218.5076904296875,1273600,0.0,0.0
2020-12-01 00:00:00-05:00,232.97999572753906,236.1199951171875,230.67999267578125,233.63999938964844,224.9191131591797,796900,0.0,0.0
2020-12-02 00:00:00-05:00,232.60000610351562,233.8000030517578,228.97000122070312,231.39999389648438,222.76272583007812,651500,0.0,0.0
2020-12-03 00:00:00-05:00,231.61000061035156,238.50999450683594,230.92999267578125,236.9499969482422,228.1055450439453,858100,0.0,0.0
2020-12-04 00:00:00-05:00,239.3000030517578,245.80999755859375,238.61000061035156,245.6199951171875,236.451904296875,783600,0.0,0.0
2020-12-07 00:00:00-05:00,243.4499969482422,246.58999633789062,241.0399932861328,246.47999572753906,237.2798309326172,652200,0.0,0.0
2020-12-08 00:00:00-05:00,244.63999938964844,249.58999633789062,241.27999877929688,243.0,233.9297332763672,718800,0.0,0.0
2020-12-09 00:00:00-05:00,249.60000610351562,249.60000610351562,243.97999572753906,246.75,237.5397491455078,874500,0.0,0.0
2020-12-10 00:00:00-05:00,243.75999450683594,244.94000244140625,239.36000061035156,241.97999572753906,232.94778442382812,754800,0.0,0.0
2020-12-11 00:00:00-05:00,240.17999267578125,243.5800018310547,239.14999389648438,240.75999450683594,231.7733612060547,728500,0.0,0.0
2020-12-14 00:00:00-05:00,245.08999633789062,245.08999633789062,238.52000427246094,238.88999938964844,229.97317504882812,650100,0.0,0.0
2020-12-15 00:00:00-05:00,231.72999572753906,239.6699981689453,231.00999450683594,238.97999572753906,230.0597686767578,770100,0.0,0.0
2020-12-16 00:00:00-05:00,240.4199981689453,240.4199981689453,230.27000427246094,232.49000549316406,223.81202697753906,886800,0.0,0.0
2020-12-17 00:00:00-05:00,229.67999267578125,232.52000427246094,226.60000610351562,229.16000366210938,220.60633850097656,1090800,0.0,0.0
2020-12-18 00:00:00-05:00,228.67999267578125,229.9499969482422,224.6999969482422,227.5399932861328,219.04678344726562,1231900,0.0,0.0
2020-12-21 00:00:00-05:00,221.22000122070312,231.25,217.38999938964844,229.5500030517578,220.9817352294922,752200,0.0,0.0
2020-12-22 00:00:00-05:00,231.0500030517578,231.27999877929688,223.74000549316406,227.38999938964844,218.90235900878906,515800,0.0,0.0
2020-12-23 00:00:00-05:00,229.86000061035156,231.99000549316406,227.72000122070312,230.92999267578125,222.31024169921875,581100,0.0,0.0
2020-12-24 00:00:00-05:00,230.6699981689453,233.16000366210938,228.9499969482422,232.6199951171875,223.93716430664062,213200,0.0,0.0
2020-12-28 00:00:00-05:00,233.41000366210938,234.50999450683594,226.57000732421875,226.99000549316406,218.51731872558594,447200,0.0,0.0
2020-12-29 00:00:00-05:00,227.58999633789062,229.3699951171875,223.72000122070312,226.42999267578125,217.9782257080078,485800,0.0,0.0
2020-12-30 00:00:00-05:00,227.86000061035156,231.17999267578125,227.5,230.05999755859375,221.4727020263672,327900,0.0,0.0
2020-12-31 00:00:00-05:00,229.72999572753906,233.8300018310547,228.0,231.91000366210938,223.25367736816406,523000,0.0,0.0
2021-01-04 00:00:00-05:00,234.0,236.3000030517578,224.52000427246094,229.64999389648438,221.07803344726562,967300,0.0,0.0
2021-01-05 00:00:00-05:00,229.1999969482422,239.42999267578125,228.61000061035156,235.57000732421875,226.7770538330078,774600,0.0,0.0
2021-01-06 00:00:00-05:00,248.14999389648438,262.0400085449219,248.14999389648438,256.54998779296875,246.9739532470703,1988100,0.0,0.0
2021-01-07 00:00:00-05:00,261.3299865722656,267.5899963378906,259.04998779296875,264.67999267578125,254.8004913330078,1031100,0.0,0.0
2021-01-08 00:00:00-05:00,264.5,266.54998779296875,253.47999572753906,260.1499938964844,250.4396209716797,708100,0.0,0.0
2021-01-11 00:00:00-05:00,255.14999389648438,261.45001220703125,255.0,257.45001220703125,247.84036254882812,445100,0.0,0.0
2021-01-12 00:00:00-05:00,259.17999267578125,264.0899963378906,257.80999755859375,262.1400146484375,252.35533142089844,713300,0.0,0.0
2021-01-13 00:00:00-05:00,260.79998779296875,261.45001220703125,253.63999938964844,254.4499969482422,244.9523468017578,678800,0.0,0.0
2021-01-14 00:00:00-05:00,258.7699890136719,264.3999938964844,255.02000427246094,260.3699951171875,250.65139770507812,661400,0.0,0.0
2021-01-15 00:00:00-05:00,256.760009765625,258.4200134277344,250.61000061035156,255.13999938964844,245.61656188964844,658300,0.0,0.0
2021-01-19 00:00:00-05:00,260.0,266.5899963378906,259.57000732421875,260.8299865722656,251.0941925048828,763200,0.0,0.0
2021-01-20 00:00:00-05:00,263.79998779296875,264.20001220703125,258.6099853515625,260.20001220703125,250.4877166748047,495200,0.0,0.0
2021-01-21 00:00:00-05:00,260.010009765625,261.7900085449219,258.0,259.2200012207031,249.5443115234375,426400,0.0,0.0
2021-01-22 00:00:00-05:00,255.3699951171875,259.75,254.5,258.5899963378906,248.9378204345703,481800,0.0,0.0
2021-01-25 00:00:00-05:00,256.510009765625,261.989990234375,251.92999267578125,253.52000427246094,244.0570831298828,670500,0.0,0.0
2021-01-26 00:00:00-05:00,257.3900146484375,257.5899963378906,247.41000366210938,248.2100067138672,238.94525146484375,495800,0.0,0.0
2021-01-27 00:00:00-05:00,240.1199951171875,241.82000732421875,228.22000122070312,236.27000427246094,227.45095825195312,1264400,0.0,0.0
2021-01-28 00:00:00-05:00,245.6999969482422,257.57000732421875,243.0,253.55999755859375,244.09556579589844,1172600,0.0,0.0
2021-01-29 00:00:00-05:00,251.6300048828125,251.8800048828125,238.5500030517578,243.00999450683594,233.9393310546875,1117000,0.0,0.0
2021-02-01 00:00:00-05:00,247.9199981689453,254.2100067138672,245.0,253.27999877929688,243.8260040283203,710400,0.0,0.0
2021-02-02 00:00:00-05:00,257.7200012207031,261.94000244140625,249.75,250.6699981689453,241.31346130371094,749900,0.0,0.0
2021-02-03 00:00:00-05:00,252.33999633789062,255.38999938964844,248.07000732421875,250.8000030517578,241.43858337402344,514500,0.0,0.0
2021-02-04 00:00:00-05:00,252.7899932861328,260.45001220703125,251.25,259.8299865722656,250.13150024414062,712100,0.0,0.0
2021-02-05 00:00:00-05:00,261.0,266.6700134277344,261.0,265.7300109863281,255.8113250732422,617300,0.0,0.0
2021-02-08 00:00:00-05:00,267.4700012207031,274.1199951171875,266.7300109863281,272.2300109863281,262.0687255859375,741900,0.0,0.0
2021-02-09 00:00:00-05:00,270.0400085449219,278.8599853515625,267.2699890136719,277.2799987792969,266.93017578125,711000,0.0,0.0
2021-02-10 00:00:00-05:00,279.7200012207031,285.0299987792969,275.5299987792969,276.8299865722656,266.4969787597656,842800,0.0,0.0
2021-02-11 00:00:00-05:00,277.8500061035156,282.9599914550781,274.5799865722656,279.82000732421875,269.3753662109375,645100,0.0,0.0
2021-02-12 00:00:00-05:00,279.79998779296875,287.2300109863281,279.1199951171875,286.2200012207031,275.53643798828125,494600,0.0,0.0
2021-02-16 00:00:00-05:00,290.0,293.4700012207031,288.0799865722656,288.0799865722656,277.32708740234375,1105700,0.0,0.0
2021-02-17 00:00:00-05:00,286.010009765625,287.32000732421875,274.2799987792969,277.80999755859375,267.44036865234375,726700,0.0,0.0
2021-02-18 00:00:00-05:00,273.7300109863281,275.6000061035156,267.4200134277344,274.7900085449219,264.5331115722656,758900,0.0,0.0
2021-02-19 00:00:00-05:00,278.0799865722656,291.3299865722656,278.07000732421875,290.010009765625,279.18499755859375,691900,0.0,0.0
2021-02-22 00:00:00-05:00,288.0,302.70001220703125,287.30999755859375,298.489990234375,287.3485107421875,965700,0.0,0.0
2021-02-23 00:00:00-05:00,296.95001220703125,308.8599853515625,286.4200134277344,306.3599853515625,294.9247131347656,1292900,0.0,0.0
2021-02-24 00:00:00-05:00,310.0,321.94000244140625,307.7799987792969,312.5199890136719,300.85479736328125,1253800,0.0,0.0
2021-02-25 00:00:00-05:00,311.7300109863281,312.2099914550781,292.0,295.1099853515625,284.09466552734375,1298200,0.0,0.0
2021-02-26 00:00:00-05:00,298.5400085449219,301.54998779296875,285.0,297.3800048828125,286.2799377441406,1007900,0.0,0.0
2021-03-01 00:00:00-05:00,304.1099853515625,305.989990234375,299.0899963378906,302.489990234375,291.1991882324219,696000,0.0,0.0
2021-03-02 00:00:00-05:00,304.04998779296875,304.04998779296875,292.4200134277344,293.4200134277344,282.4678039550781,694800,0.0,0.0
2021-03-03 00:00:00-05:00,294.6199951171875,302.70001220703125,293.0799865722656,294.92999267578125,283.92132568359375,644500,0.0,0.0
2021-03-04 00:00:00-05:00,294.54998779296875,303.1000061035156,282.70001220703125,288.6000061035156,277.82769775390625,1180400,0.0,0.0
2021-03-05 00:00:00-05:00,293.1199951171875,302.1000061035156,282.20001220703125,300.9599914550781,289.7262878417969,733300,0.0,0.0
2021-03-08 00:00:00-05:00,303.9100036621094,308.1400146484375,300.4800109863281,302.6000061035156,291.3050537109375,863000,0.0,0.0
2021-03-09 00:00:00-05:00,302.4599914550781,304.2099914550781,293.54998779296875,295.25,284.2295227050781,720400,0.0,0.0
2021-03-10 00:00:00-05:00,296.7300109863281,304.5899963378906,296.0799865722656,303.05999755859375,291.7478942871094,488400,0.0,0.0
2021-03-11 00:00:00-05:00,305.6000061035156,314.1000061035156,304.0899963378906,310.7799987792969,299.1797790527344,502100,0.0,0.0
2021-03-12 00:00:00-05:00,310.7699890136719,319.1099853515625,309.05999755859375,317.8599853515625,305.9954833984375,580300,0.0,0.0
2021-03-15 00:00:00-04:00,319.0799865722656,323.8299865722656,311.6099853515625,323.4800109863281,311.40576171875,553000,0.0,0.0
2021-03-16 00:00:00-04:00,322.1199951171875,322.1199951171875,311.75,314.8599853515625,303.1074523925781,802100,0.0,0.0
2021-03-17 00:00:00-04:00,317.6400146484375,324.2200012207031,311.0,321.8999938964844,309.8846435546875,526700,0.0,0.0
2021-03-18 00:00:00-04:00,321.8999938964844,330.7900085449219,317.3299865722656,318.1199951171875,306.24578857421875,607900,0.0,0.0
2021-03-19 00:00:00-04:00,316.42999267578125,319.9599914550781,305.55999755859375,316.0,304.2048645019531,970000,0.0,0.0
2021-03-22 00:00:00-04:00,315.0,316.7200012207031,308.5299987792969,311.4800109863281,299.8536071777344,603000,0.0,0.0
2021-03-23 00:00:00-04:00,308.1099853515625,310.30999755859375,297.5,299.92999267578125,288.7347106933594,774500,0.0,0.0
2021-03-24 00:00:00-04:00,308.989990234375,313.1000061035156,304.8900146484375,305.4100036621094,294.01019287109375,607700,0.0,0.0
2021-03-25 00:00:00-04:00,304.1400146484375,315.6499938964844,299.82000732421875,314.239990234375,302.5106506347656,655600,0.0,0.0
2021-03-26 00:00:00-04:00,318.2699890136719,330.1700134277344,315.5,329.8599853515625,317.5475769042969,839800,0.0,0.0
2021-03-29 00:00:00-04:00,329.5,335.5899963378906,322.7200012207031,324.4700012207031,312.35882568359375,902900,0.0,0.0
2021-03-30 00:00:00-04:00,324.7200012207031,336.32000732421875,324.7200012207031,333.2099914550781,320.7725830078125,1181900,0.0,0.0
2021-03-31 00:00:00-04:00,334.0,339.7200012207031,325.80999755859375,329.30999755859375,317.0181579589844,1398300,0.0,0.0
2021-04-01 00:00:00-04:00,331.510009765625,334.2900085449219,324.2699890136719,331.7099914550781,319.3285217285156,771600,0.0,0.0
2021-04-05 00:00:00-04:00,337.0,338.489990234375,330.94000244140625,331.5299987792969,319.15521240234375,590900,0.0,0.0
2021-04-06 00:00:00-04:00,331.0,341.0,323.7699890136719,325.42999267578125,313.28289794921875,835700,0.0,0.0
2021-04-07 00:00:00-04:00,326.0,326.5,319.1199951171875,322.0,309.9809265136719,730200,0.0,0.0
2021-04-08 00:00:00-04:00,320.9599914550781,324.239990234375,313.5199890136719,321.25,309.2590026855469,620000,0.0,0.0
2021-04-09 00:00:00-04:00,321.0,325.1199951171875,317.4599914550781,324.7099914550781,312.58984375,575900,0.0,0.0
2021-04-12 00:00:00-04:00,326.6099853515625,328.9599914550781,323.32000732421875,327.8699951171875,315.63189697265625,506300,0.0,0.0
2021-04-13 00:00:00-04:00,324.2099914550781,326.5799865722656,316.6700134277344,325.57000732421875,313.4176940917969,477400,0.0,0.0
2021-04-14 00:00:00-04:00,325.2799987792969,331.6300048828125,324.1499938964844,325.05999755859375,312.9266662597656,716000,0.0,0.0
2021-04-15 00:00:00-04:00,328.2200012207031,328.2200012207031,319.55999755859375,325.3900146484375,313.244384765625,592600,0.0,0.0
2021-04-16 00:00:00-04:00,329.6300048828125,332.4100036621094,325.32000732421875,328.1400146484375,315.8918151855469,765600,0.0,0.0
2021-04-19 00:00:00-04:00,325.3900146484375,326.4700012207031,318.8299865722656,324.5899963378906,312.47430419921875,779400,0.0,0.0
2021-04-20 00:00:00-04:00,322.29998779296875,322.29998779296875,304.29998779296875,310.739990234375,299.1412353515625,908800,0.0,0.0
2021-04-21 00:00:00-04:00,308.1499938964844,316.9700012207031,304.6600036621094,316.75,304.92694091796875,730800,0.0,0.0
2021-04-22 00:00:00-04:00,318.79998779296875,320.0,309.7300109863281,309.989990234375,298.41925048828125,851400,0.0,0.0
2021-04-23 00:00:00-04:00,313.7699890136719,320.54998779296875,311.45001220703125,318.94000244140625,307.0351867675781,716600,0.0,0.0
2021-04-26 00:00:00-04:00,320.42999267578125,326.510009765625,320.3999938964844,324.9700012207031,312.8401184082031,547900,0.0,0.0
2021-04-27 00:00:00-04:00,322.7200012207031,325.0899963378906,318.010009765625,324.82000732421875,312.69573974609375,606600,0.0,0.0
2021-04-28 00:00:00-04:00,323.54998779296875,327.8900146484375,322.4800109863281,324.8500061035156,312.7245788574219,545300,0.0,0.0
2021-04-29 00:00:00-04:00,331.30999755859375,331.30999755859375,315.92999267578125,327.3299865722656,315.11199951171875,823100,0.0,0.0
2021-04-30 00:00:00-04:00,323.239990234375,326.4200134277344,319.489990234375,319.95001220703125,308.0074462890625,559700,0.0,0.0
2021-05-03 00:00:00-04:00,324.5799865722656,328.510009765625,319.510009765625,321.79998779296875,309.78839111328125,457500,0.0,0.0
2021-05-04 00:00:00-04:00,321.0299987792969,330.6600036621094,317.42999267578125,329.95001220703125,317.6342468261719,849900,0.0,0.0
2021-05-05 00:00:00-04:00,330.75,336.760009765625,324.1000061035156,332.7099914550781,320.29119873046875,706600,0.0,0.0
2021-05-06 00:00:00-04:00,332.7099914550781,342.9599914550781,331.760009765625,342.5799865722656,329.7928161621094,699600,0.0,0.0
2021-05-07 00:00:00-04:00,341.8800048828125,348.4100036621094,336.7699890136719,347.3299865722656,334.365478515625,531900,0.0,0.0
2021-05-10 00:00:00-04:00,348.5,354.6000061035156,346.7799987792969,348.1400146484375,335.14520263671875,796000,0.0,0.0
2021-05-11 00:00:00-04:00,342.25,345.3299865722656,335.989990234375,340.3299865722656,327.62677001953125,697300,0.0,0.0
2021-05-12 00:00:00-04:00,340.3399963378906,343.2900085449219,328.0199890136719,329.2900085449219,316.9988098144531,584700,0.0,0.0
2021-05-13 00:00:00-04:00,330.5899963378906,339.25,328.1700134277344,333.05999755859375,320.6280822753906,573500,0.0,0.0
2021-05-14 00:00:00-04:00,337.1600036621094,343.2799987792969,334.6700134277344,341.7900085449219,329.0322570800781,477600,0.0,0.0
2021-05-17 00:00:00-04:00,339.8299865722656,341.8399963378906,333.4800109863281,341.0400085449219,328.31036376953125,356200,0.0,0.0
2021-05-18 00:00:00-04:00,340.3500061035156,341.6199951171875,331.1199951171875,331.3299865722656,318.96270751953125,438300,0.0,0.0
2021-05-19 00:00:00-04:00,325.6400146484375,325.6400146484375,315.2799987792969,321.3399963378906,309.3455810546875,981400,0.0,0.0
2021-05-20 00:00:00-04:00,321.6300048828125,322.92999267578125,314.30999755859375,319.30999755859375,307.3913269042969,711600,0.0,0.0
2021-05-21 00:00:00-04:00,322.7799987792969,327.0,318.7099914550781,321.45001220703125,309.45147705078125,534300,0.0,0.0
2021-05-24 00:00:00-04:00,323.2300109863281,327.8500061035156,318.94000244140625,325.9200134277344,313.75469970703125,417300,0.0,0.0
2021-05-25 00:00:00-04:00,328.6300048828125,332.6499938964844,323.69000244140625,324.3800048828125,312.2721252441406,569500,0.0,0.0
2021-05-26 00:00:00-04:00,322.6400146484375,327.6000061035156,322.3599853515625,326.82000732421875,314.6209716796875,537900,0.0,0.0
2021-05-27 00:00:00-04:00,332.8999938964844,335.25,329.9599914550781,333.6300048828125,321.1768798828125,953400,0.0,0.0
2021-05-28 00:00:00-04:00,333.5899963378906,336.04998779296875,328.1199951171875,333.9599914550781,321.4945068359375,547500,0.0,0.0
2021-06-01 00:00:00-04:00,338.6099853515625,341.25,337.6600036621094,339.45001220703125,326.7796325683594,544100,0.0,0.0
2021-06-02 00:00:00-04:00,339.44000244140625,339.44000244140625,334.9800109863281,338.4700012207031,325.8361511230469,774000,0.0,0.0
2021-06-03 00:00:00-04:00,337.6099853515625,340.8500061035156,332.75,336.1199951171875,323.5739440917969,596500,0.0,0.0
2021-06-04 00:00:00-04:00,336.3399963378906,337.739990234375,328.1000061035156,332.07000732421875,319.6750793457031,474600,0.0,0.0
2021-06-07 00:00:00-04:00,333.67999267578125,334.17999267578125,315.0,316.0199890136719,304.22418212890625,1189100,0.0,0.0
2021-06-08 00:00:00-04:00,316.1000061035156,326.1000061035156,313.3699951171875,324.239990234375,312.13726806640625,734300,0.0,0.0
2021-06-09 00:00:00-04:00,321.8399963378906,323.94000244140625,313.0199890136719,314.7099914550781,302.9630432128906,709400,0.0,0.0
2021-06-10 00:00:00-04:00,318.7699890136719,320.6000061035156,302.739990234375,303.32000732421875,291.9981994628906,1339500,0.0,0.0
2021-06-11 00:00:00-04:00,304.30999755859375,308.4700012207031,302.0299987792969,305.3399963378906,293.94281005859375,963200,0.0,0.0
2021-06-14 00:00:00-04:00,304.1700134277344,306.6499938964844,298.55999755859375,302.9800109863281,291.67095947265625,913400,0.0,0.0
2021-06-15 00:00:00-04:00,304.489990234375,310.6700134277344,303.4100036621094,309.8299865722656,298.2651672363281,739600,0.0,0.0
2021-06-16 00:00:00-04:00,307.5899963378906,310.0199890136719,302.7799987792969,307.0199890136719,295.5600891113281,747600,0.0,0.0
2021-06-17 00:00:00-04:00,308.0,309.8800048828125,289.8999938964844,294.17999267578125,283.199462890625,1045500,0.0,0.0
2021-06-18 00:00:00-04:00,287.04998779296875,291.32000732421875,285.5899963378906,288.95001220703125,278.16461181640625,1464000,0.0,0.0
2021-06-21 00:00:00-04:00,293.3500061035156,301.8900146484375,292.45001220703125,299.2099914550781,288.0416259765625,677100,0.0,0.0
2021-06-22 00:00:00-04:00,300.7699890136719,304.69000244140625,294.7900085449219,303.75,292.4122009277344,711500,0.0,0.0
2021-06-23 00:00:00-04:00,310.0,313.9700012207031,307.3599853515625,308.1199951171875,296.6190185546875,836000,0.0,0.0
2021-06-24 00:00:00-04:00,310.5199890136719,320.6499938964844,309.510009765625,316.79998779296875,304.97509765625,1151300,0.0,0.0
2021-06-25 00:00:00-04:00,325.8299865722656,325.8299865722656,312.3699951171875,312.9700012207031,301.2880859375,1512200,0.0,0.0
2021-06-28 00:00:00-04:00,313.17999267578125,319.0,307.6499938964844,318.04998779296875,306.1783752441406,926400,0.0,0.0
2021-06-29 00:00:00-04:00,319.70001220703125,323.5400085449219,314.5899963378906,315.0199890136719,303.261474609375,625200,0.0,0.0
2021-06-30 00:00:00-04:00,313.1499938964844,320.0,312.5199890136719,319.010009765625,307.10260009765625,708000,0.0,0.0
2021-07-01 00:00:00-04:00,323.20001220703125,324.42999267578125,319.45001220703125,321.3500061035156,309.35528564453125,593300,0.0,0.0
2021-07-02 00:00:00-04:00,319.7699890136719,322.4100036621094,318.6700134277344,319.57000732421875,307.6416931152344,459700,0.0,0.0
2021-07-06 00:00:00-04:00,319.7900085449219,320.0,307.75,311.42999267578125,299.805419921875,888700,0.0,0.0
2021-07-07 00:00:00-04:00,310.0,315.29998779296875,307.07000732421875,312.7900085449219,301.11480712890625,592600,0.0,0.0
2021-07-08 00:00:00-04:00,304.1000061035156,311.80999755859375,300.07000732421875,306.2200012207031,294.7899169921875,927000,0.0,0.0
2021-07-09 00:00:00-04:00,312.5,317.8699951171875,311.6600036621094,317.4800109863281,305.6296691894531,860900,0.0,0.0
2021-07-12 00:00:00-04:00,315.20001220703125,322.989990234375,313.8900146484375,321.5899963378906,309.58624267578125,870100,0.0,0.0
2021-07-13 00:00:00-04:00,319.739990234375,320.6400146484375,314.30999755859375,314.45001220703125,302.71270751953125,598400,0.0,0.0
2021-07-14 00:00:00-04:00,316.2900085449219,318.7900085449219,310.2200012207031,312.5899963378906,300.9222106933594,463800,0.0,0.0
2021-07-15 00:00:00-04:00,310.1000061035156,318.489990234375,309.739990234375,314.7099914550781,302.9630432128906,684000,0.0,0.0
2021-07-16 00:00:00-04:00,317.6600036621094,317.9599914550781,304.1600036621094,306.0799865722656,294.65521240234375,868400,0.0,0.0
2021-07-19 00:00:00-04:00,297.6300048828125,299.6499938964844,291.3900146484375,298.8500061035156,287.695068359375,978400,0.0,0.0
2021-07-20 00:00:00-04:00,297.9100036621094,313.0299987792969,296.5,311.6000061035156,299.96917724609375,711400,0.0,0.0
2021-07-21 00:00:00-04:00,315.3999938964844,323.8800048828125,314.739990234375,323.19000244140625,311.1265563964844,982200,0.0,0.0
2021-07-22 00:00:00-04:00,322.4200134277344,323.6499938964844,316.7799987792969,319.9700012207031,308.0267333984375,583000,0.0,0.0
2021-07-23 00:00:00-04:00,322.1099853515625,325.1000061035156,318.260009765625,324.05999755859375,311.96405029296875,543200,0.0,0.0
2021-07-26 00:00:00-04:00,324.6300048828125,329.5,324.04998779296875,327.9100036621094,315.67034912109375,677200,0.0,0.0
2021-07-27 00:00:00-04:00,326.20001220703125,332.2300109863281,323.2699890136719,326.75,314.55364990234375,607000,0.0,0.0
2021-07-28 00:00:00-04:00,328.0,331.510009765625,320.8500061035156,325.8900146484375,313.725830078125,973400,0.0,0.0
2021-07-29 00:00:00-04:00,317.5199890136719,325.70001220703125,308.4700012207031,322.4599914550781,310.4237976074219,1752500,0.0,0.0
2021-07-30 00:00:00-04:00,319.6400146484375,332.1499938964844,319.2300109863281,329.54998779296875,317.2491149902344,703800,0.0,0.0
2021-08-02 00:00:00-04:00,332.6499938964844,336.3299865722656,325.489990234375,326.2699890136719,314.091552734375,1014200,0.0,0.0
2021-08-03 00:00:00-04:00,327.69000244140625,338.69000244140625,323.0299987792969,338.2300109863281,325.60516357421875,777100,0.0,0.0
2021-08-04 00:00:00-04:00,335.1400146484375,335.17999267578125,323.4200134277344,323.6700134277344,311.588623046875,630200,0.0,0.0
2021-08-05 00:00:00-04:00,326.1300048828125,331.0,324.44000244140625,325.3900146484375,313.244384765625,341800,0.0,0.0
2021-08-06 00:00:00-04:00,330.0,332.19000244140625,326.239990234375,331.45001220703125,319.07830810546875,371000,0.0,0.0
2021-08-09 00:00:00-04:00,331.3399963378906,336.30999755859375,326.239990234375,332.8399963378906,320.416259765625,367900,0.0,0.0
2021-08-10 00:00:00-04:00,332.5299987792969,342.6400146484375,330.1499938964844,340.5400085449219,327.8289794921875,509900,0.0,0.0
2021-08-11 00:00:00-04:00,344.0,357.8500061035156,341.1499938964844,357.5,344.1558532714844,1052600,0.0,0.0
2021-08-12 00:00:00-04:00,359.29998779296875,364.29998779296875,356.6400146484375,361.3399963378906,347.8525390625,992100,0.0,0.0
2021-08-13 00:00:00-04:00,360.44000244140625,361.3299865722656,350.9700012207031,353.1099853515625,339.9297180175781,580300,0.0,0.0
2021-08-16 00:00:00-04:00,349.79998779296875,352.8599853515625,345.6700134277344,351.2099914550781,338.1006164550781,413300,0.0,0.0
2021-08-17 00:00:00-04:00,348.3500061035156,348.7200012207031,340.0400085449219,345.1000061035156,332.2187194824219,574000,0.0,0.0
2021-08-18 00:00:00-04:00,342.2799987792969,349.8999938964844,339.6300048828125,340.1600036621094,327.46307373046875,407500,0.0,0.0
2021-08-19 00:00:00-04:00,332.29998779296875,336.3500061035156,329.04998779296875,331.44000244140625,319.0685729980469,498300,0.0,0.0
2021-08-20 00:00:00-04:00,329.7799987792969,332.6099853515625,324.79998779296875,330.1300048828125,317.8074645996094,486800,0.0,0.0
2021-08-23 00:00:00-04:00,333.4700012207031,339.4100036621094,331.7099914550781,338.0,325.3837585449219,498400,0.0,0.0
2021-08-24 00:00:00-04:00,339.239990234375,346.2099914550781,338.989990234375,343.9100036621094,331.0731506347656,335000,0.0,0.0
2021-08-25 00:00:00-04:00,345.4800109863281,354.0299987792969,344.4800109863281,350.3699951171875,337.2920227050781,411400,0.0,0.0
2021-08-26 00:00:00-04:00,351.25,352.54998779296875,346.2300109863281,347.6400146484375,334.6639099121094,349500,0.0,0.0
2021-08-27 00:00:00-04:00,349.6199951171875,356.7799987792969,348.82000732421875,355.2200012207031,341.96099853515625,476100,0.0,0.0
2021-08-30 00:00:00-04:00,357.3900146484375,357.45001220703125,351.9599914550781,354.3500061035156,341.1234436035156,311300,0.0,0.0
2021-08-31 00:00:00-04:00,355.07000732421875,356.5400085449219,351.760009765625,352.6499938964844,339.4869384765625,519700,0.0,0.0
2021-09-01 00:00:00-04:00,352.3800048828125,353.739990234375,343.7099914550781,347.3299865722656,334.365478515625,493800,0.0,0.0
2021-09-02 00:00:00-04:00,350.739990234375,356.6000061035156,348.5,353.75,340.5458679199219,363000,0.0,0.0
2021-09-03 00:00:00-04:00,352.1000061035156,353.1199951171875,346.67999267578125,351.3699951171875,338.25469970703125,366700,0.0,0.0
2021-09-07 00:00:00-04:00,348.9100036621094,350.7900085449219,345.5199890136719,345.75,332.8444519042969,380300,0.0,0.0
2021-09-08 00:00:00-04:00,343.6700134277344,345.3399963378906,336.1600036621094,339.7099914550781,327.0298767089844,574300,0.0,0.0
2021-09-09 00:00:00-04:00,338.70001220703125,346.4200134277344,338.2200012207031,342.0799865722656,329.31146240234375,523600,0.0,0.0
2021-09-10 00:00:00-04:00,346.3800048828125,347.6000061035156,340.5299987792969,341.2900085449219,328.5509338378906,409500,0.0,0.0
2021-09-13 00:00:00-04:00,344.0,346.8699951171875,340.1400146484375,343.4700012207031,330.6495666503906,541400,0.0,0.0
2021-09-14 00:00:00-04:00,346.0199890136719,346.0199890136719,328.0,331.29998779296875,318.933837890625,518700,0.0,0.0
2021-09-15 00:00:00-04:00,331.0,342.4700012207031,330.1499938964844,341.6000061035156,328.8494873046875,479300,0.0,0.0
2021-09-16 00:00:00-04:00,343.80999755859375,354.3900146484375,342.8800048828125,346.20001220703125,333.27764892578125,702800,0.0,0.0
2021-09-17 00:00:00-04:00,343.5,349.1300048828125,337.9800109863281,341.4599914550781,328.7145690917969,920000,0.0,0.0
2021-09-20 00:00:00-04:00,329.3599853515625,333.7099914550781,323.9200134277344,329.6199951171875,317.3165283203125,675200,0.0,0.0
2021-09-21 00:00:00-04:00,334.79998779296875,334.989990234375,325.4100036621094,330.260009765625,317.9326477050781,567400,0.0,0.0
2021-09-22 00:00:00-04:00,337.0,349.3599853515625,334.9599914550781,345.8999938964844,332.98883056640625,1080300,0.0,0.0
2021-09-23 00:00:00-04:00,348.1700134277344,361.5400085449219,346.0400085449219,355.2699890136719,342.0091552734375,884600,0.0,0.0
2021-09-24 00:00:00-04:00,354.1300048828125,361.0,353.6700134277344,356.510009765625,343.2027893066406,440800,0.0,0.0
2021-09-27 00:00:00-04:00,356.67999267578125,369.1700134277344,356.67999267578125,365.8399963378906,352.1845397949219,543500,0.0,0.0
2021-09-28 00:00:00-04:00,366.54998779296875,369.2200012207031,358.25,362.8299865722656,349.286865234375,659600,0.0,0.0
2021-09-29 00:00:00-04:00,366.9100036621094,366.9100036621094,359.79998779296875,362.0899963378906,348.57452392578125,469700,0.0,0.0
2021-09-30 00:00:00-04:00,362.1600036621094,363.29998779296875,350.6499938964844,350.92999267578125,337.83111572265625,807900,0.0,0.0
2021-10-01 00:00:00-04:00,351.0,361.19000244140625,350.05999755859375,358.1499938964844,344.7816162109375,927900,0.0,0.0
2021-10-04 00:00:00-04:00,355.6199951171875,357.29998779296875,346.010009765625,348.760009765625,335.7420654296875,611800,0.0,0.0
2021-10-05 00:00:00-04:00,352.75,357.8800048828125,346.04998779296875,353.04998779296875,339.8719177246094,858700,0.0,0.0
2021-10-06 00:00:00-04:00,347.0,352.8900146484375,340.5899963378906,346.6700134277344,333.7301025390625,727500,0.0,0.0
2021-10-07 00:00:00-04:00,351.9599914550781,357.54998779296875,350.2200012207031,352.42999267578125,339.275146484375,523400,0.0,0.0
2021-10-08 00:00:00-04:00,348.9800109863281,352.19000244140625,342.3800048828125,342.55999755859375,329.7735290527344,426600,0.0,0.0
2021-10-11 00:00:00-04:00,342.5,349.5799865722656,341.7300109863281,342.9100036621094,330.11041259765625,443000,0.0,0.0
2021-10-12 00:00:00-04:00,345.3299865722656,347.32000732421875,340.8800048828125,342.7200012207031,329.92755126953125,386400,0.0,0.0
2021-10-13 00:00:00-04:00,342.7900085449219,347.3500061035156,336.9700012207031,339.45001220703125,326.7796325683594,387900,0.0,0.0
2021-10-14 00:00:00-04:00,344.2799987792969,353.17999267578125,343.05999755859375,352.3399963378906,339.1884765625,418500,0.0,0.0
2021-10-15 00:00:00-04:00,357.010009765625,359.7300109863281,348.57000732421875,349.3399963378906,336.3004455566406,606600,0.0,0.0
2021-10-18 00:00:00-04:00,346.6600036621094,351.1400146484375,344.0799865722656,350.2699890136719,337.19573974609375,422400,0.0,0.0
2021-10-19 00:00:00-04:00,351.5,357.3699951171875,350.20001220703125,353.44000244140625,340.2474670410156,349500,0.0,0.0
2021-10-20 00:00:00-04:00,352.4100036621094,367.6600036621094,351.32000732421875,365.9200134277344,352.26165771484375,622700,0.0,0.0
2021-10-21 00:00:00-04:00,362.3599853515625,366.6499938964844,359.1600036621094,365.3999938964844,351.760986328125,370000,0.0,0.0
2021-10-22 00:00:00-04:00,366.4599914550781,370.3800048828125,364.6199951171875,368.2900085449219,354.54315185546875,353700,0.0,0.0
2021-10-25 00:00:00-04:00,368.80999755859375,370.1300048828125,364.6300048828125,366.260009765625,352.5888671875,535100,0.0,0.0
2021-10-26 00:00:00-04:00,368.0,369.75,357.0299987792969,357.19000244140625,343.85748291015625,591500,0.0,0.0
2021-10-27 00:00:00-04:00,356.5299987792969,359.6600036621094,346.7900085449219,347.54998779296875,334.5772705078125,716600,0.0,0.0
2021-10-28 00:00:00-04:00,364.75,373.54998779296875,349.25,367.17999267578125,353.4745788574219,1300300,0.0,0.0
2021-10-29 00:00:00-04:00,369.69000244140625,380.1700134277344,368.4599914550781,379.1099853515625,364.959228515625,1041400,0.0,0.0
2021-11-01 00:00:00-04:00,380.5,384.9200134277344,379.17999267578125,383.3299865722656,369.0217590332031,638000,0.0,0.0
2021-11-02 00:00:00-04:00,385.9599914550781,391.6600036621094,382.7200012207031,386.19000244140625,371.77496337890625,536500,0.0,0.0
2021-11-03 00:00:00-04:00,383.95001220703125,386.989990234375,377.04998779296875,381.2699890136719,367.0386047363281,665000,0.0,0.0
2021-11-04 00:00:00-04:00,385.760009765625,387.75,380.92999267578125,385.9700012207031,371.563232421875,487700,0.0,0.0
2021-11-05 00:00:00-04:00,389.7300109863281,396.9700012207031,389.1000061035156,391.9599914550781,377.3296203613281,475000,0.0,0.0
2021-11-08 00:00:00-05:00,411.3599853515625,414.989990234375,392.510009765625,392.7900085449219,378.128662109375,1052400,0.0,0.0
2021-11-09 00:00:00-05:00,392.0,395.2699890136719,387.92999267578125,391.5,376.88677978515625,349800,0.0,0.0
2021-11-10 00:00:00-05:00,389.6300048828125,391.4200134277344,377.6199951171875,379.9800109863281,365.7967529296875,635400,0.0,0.0
2021-11-11 00:00:00-05:00,380.8699951171875,387.8699951171875,378.95001220703125,382.45001220703125,368.174560546875,384700,0.0,0.0
2021-11-12 00:00:00-05:00,383.19000244140625,387.0299987792969,381.7200012207031,382.9599914550781,368.66546630859375,353200,0.0,0.0
2021-11-15 00:00:00-05:00,386.20001220703125,389.1499938964844,383.4100036621094,384.2900085449219,369.9459228515625,310200,0.0,0.0
2021-11-16 00:00:00-05:00,385.95001220703125,387.489990234375,380.7900085449219,381.6700134277344,367.4236755371094,381300,0.0,0.0
2021-11-17 00:00:00-05:00,379.79998779296875,381.9800109863281,374.29998779296875,379.7300109863281,365.5561218261719,536000,0.0,0.0
2021-11-18 00:00:00-05:00,380.4100036621094,382.4700012207031,376.0,377.8699951171875,363.7655029296875,318400,0.0,0.0
2021-11-19 00:00:00-05:00,374.9800109863281,380.6600036621094,371.75,375.260009765625,361.25299072265625,479900,0.0,0.0
2021-11-22 00:00:00-05:00,379.3599853515625,386.8599853515625,376.75,376.95001220703125,362.8798522949219,489300,0.0,0.0
2021-11-23 00:00:00-05:00,376.6199951171875,378.8800048828125,371.3999938964844,375.19000244140625,361.18560791015625,1009400,0.0,0.0
2021-11-24 00:00:00-05:00,371.79998779296875,376.94000244140625,371.010009765625,373.8900146484375,359.9340515136719,361700,0.0,0.0
2021-11-26 00:00:00-05:00,360.5199890136719,364.6600036621094,354.260009765625,362.2300109863281,348.7093811035156,542900,0.0,0.0
2021-11-29 00:00:00-05:00,367.3699951171875,368.8999938964844,356.4200134277344,357.0199890136719,343.6938171386719,658900,0.0,0.0
2021-11-30 00:00:00-05:00,354.07000732421875,355.489990234375,338.0400085449219,338.739990234375,326.09613037109375,1463100,0.0,0.0
2021-12-01 00:00:00-05:00,348.95001220703125,349.75,332.70001220703125,332.82000732421875,320.3970947265625,984500,0.0,0.0
2021-12-02 00:00:00-05:00,335.25,343.82000732421875,335.0,339.4200134277344,326.75079345703125,670500,0.0,0.0
2021-12-03 00:00:00-05:00,343.7900085449219,343.7900085449219,326.8800048828125,332.8299865722656,320.4067077636719,818600,0.0,0.0
2021-12-06 00:00:00-05:00,335.20001220703125,348.0,329.20001220703125,344.8900146484375,332.0165100097656,1518400,0.0,0.0
2021-12-07 00:00:00-05:00,354.3399963378906,364.4800109863281,352.010009765625,356.75,343.43389892578125,852100,0.0,0.0
2021-12-08 00:00:00-05:00,356.6400146484375,361.0199890136719,356.0400085449219,356.9599914550781,343.6360168457031,544000,0.0,0.0
2021-12-09 00:00:00-05:00,361.0,362.19000244140625,355.0299987792969,356.5299987792969,343.22210693359375,589200,0.0,0.0
2021-12-10 00:00:00-05:00,358.5,360.0,344.8299865722656,347.80999755859375,334.82757568359375,599900,0.0,0.0
2021-12-13 00:00:00-05:00,346.9100036621094,347.3500061035156,335.30999755859375,338.260009765625,325.63409423828125,675200,0.0,0.0
2021-12-14 00:00:00-05:00,335.6700134277344,342.07000732421875,333.4200134277344,337.5799865722656,324.9793701171875,471100,0.0,0.0
2021-12-15 00:00:00-05:00,336.2900085449219,342.67999267578125,327.75,341.1499938964844,328.4162292480469,671100,0.0,0.0
2021-12-16 00:00:00-05:00,346.3299865722656,349.0400085449219,335.3399963378906,337.4700012207031,324.8735656738281,522400,0.0,0.0
2021-12-17 00:00:00-05:00,336.989990234375,337.5199890136719,327.75,332.3299865722656,319.9253234863281,1147600,0.0,0.0
2021-12-20 00:00:00-05:00,325.80999755859375,326.0400085449219,316.6199951171875,321.9800109863281,309.96173095703125,752600,0.0,0.0
2021-12-21 00:00:00-05:00,315.54998779296875,330.19000244140625,315.0,328.95001220703125,316.6716003417969,624000,0.0,0.0
2021-12-22 00:00:00-05:00,329.8999938964844,331.8399963378906,323.2900085449219,325.6700134277344,313.5140075683594,598900,0.0,0.0
2021-12-23 00:00:00-05:00,327.8699951171875,335.8599853515625,327.8699951171875,331.7300109863281,319.34783935546875,372600,0.0,0.0
2021-12-27 00:00:00-05:00,333.0,333.5,328.54998779296875,333.5,321.05169677734375,382100,0.0,0.0
2021-12-28 00:00:00-05:00,333.2900085449219,337.57000732421875,331.17999267578125,333.57000732421875,321.1190490722656,254500,0.0,0.0
2021-12-29 00:00:00-05:00,334.8699951171875,336.1099853515625,332.5899963378906,334.1199951171875,321.6485900878906,354500,0.0,0.0
2021-12-30 00:00:00-05:00,333.5199890136719,336.010009765625,329.7200012207031,329.8900146484375,317.576416015625,336600,0.0,0.0
2021-12-31 00:00:00-05:00,328.2900085449219,334.17999267578125,325.5199890136719,332.2900085449219,319.88690185546875,659700,0.0,0.0
2022-01-03 00:00:00-05:00,333.260009765625,338.75,329.2699890136719,330.6400146484375,318.2984924316406,524400,0.0,0.0
2022-01-04 00:00:00-05:00,334.8299865722656,349.1400146484375,333.29998779296875,347.0899963378906,334.13446044921875,698800,0.0,0.0
2022-01-05 00:00:00-05:00,347.29998779296875,351.5,333.25,335.0199890136719,322.51495361328125,801100,0.0,0.0
2022-01-06 00:00:00-05:00,337.9599914550781,338.5899963378906,330.7799987792969,335.1700134277344,322.65936279296875,537000,0.0,0.0
2022-01-07 00:00:00-05:00,335.1000061035156,338.7200012207031,325.5899963378906,325.9800109863281,313.81243896484375,796000,0.0,0.0
2022-01-10 00:00:00-05:00,327.6300048828125,328.19000244140625,316.75,322.2099914550781,310.18310546875,794700,0.0,0.0
2022-01-11 00:00:00-05:00,323.0299987792969,334.760009765625,315.67999267578125,333.989990234375,321.5234069824219,885700,0.0,0.0
2022-01-12 00:00:00-05:00,338.2799987792969,345.0,331.29998779296875,331.95001220703125,319.5596008300781,1032200,0.0,0.0
2022-01-13 00:00:00-05:00,333.9200134277344,345.2799987792969,333.9200134277344,336.2099914550781,323.66058349609375,731700,0.0,0.0
2022-01-14 00:00:00-05:00,333.5299987792969,335.7699890136719,322.8699951171875,327.82000732421875,315.5837097167969,589000,0.0,0.0
2022-01-18 00:00:00-05:00,323.5799865722656,324.95001220703125,313.8500061035156,314.20001220703125,302.47210693359375,764300,0.0,0.0
2022-01-19 00:00:00-05:00,317.5899963378906,317.6000061035156,307.0400085449219,307.29998779296875,295.82958984375,663800,0.0,0.0
2022-01-20 00:00:00-05:00,309.69000244140625,317.6000061035156,306.2300109863281,307.1099853515625,295.6466979980469,732500,0.0,0.0
2022-01-21 00:00:00-05:00,302.3299865722656,309.45001220703125,294.9599914550781,297.1700134277344,286.0777893066406,938000,0.0,0.0
2022-01-24 00:00:00-05:00,288.44000244140625,312.9800109863281,286.8599853515625,312.19000244140625,300.537109375,1302200,0.0,0.0
2022-01-25 00:00:00-05:00,305.0400085449219,313.6499938964844,301.1600036621094,308.3999938964844,296.8885803222656,1170500,0.0,0.0
2022-01-26 00:00:00-05:00,313.3299865722656,319.8599853515625,303.5400085449219,307.760009765625,296.27252197265625,977000,0.0,0.0
2022-01-27 00:00:00-05:00,329.79998779296875,329.79998779296875,313.1400146484375,319.79998779296875,307.863037109375,1967200,0.0,0.0
2022-01-28 00:00:00-05:00,317.6099853515625,321.0199890136719,305.8399963378906,317.7699890136719,305.9088439941406,1093500,0.0,0.0
2022-01-31 00:00:00-05:00,315.45001220703125,320.7699890136719,315.0,320.1199951171875,308.1711730957031,817600,0.0,0.0
2022-02-01 00:00:00-05:00,317.489990234375,330.07000732421875,317.489990234375,330.010009765625,317.6919860839844,839900,0.0,0.0
2022-02-02 00:00:00-05:00,330.0299987792969,333.5,323.8900146484375,326.2200012207031,314.0434875488281,905600,0.0,0.0
2022-02-03 00:00:00-05:00,321.5299987792969,328.1400146484375,321.5299987792969,324.42999267578125,312.32025146484375,832900,0.0,0.0
2022-02-04 00:00:00-05:00,322.8999938964844,325.42999267578125,312.0,312.2900085449219,300.63336181640625,758500,0.0,0.0
2022-02-07 00:00:00-05:00,315.0,317.8900146484375,312.69000244140625,315.7799987792969,303.9931335449219,516000,0.0,0.0
2022-02-08 00:00:00-05:00,318.3699951171875,324.54998779296875,316.760009765625,323.3900146484375,311.3191223144531,544800,0.0,0.0
2022-02-09 00:00:00-05:00,328.45001220703125,335.0400085449219,326.9599914550781,334.19000244140625,321.7159423828125,532700,0.0,0.0
2022-02-10 00:00:00-05:00,329.8900146484375,335.239990234375,322.9800109863281,325.67999267578125,313.5235900878906,606000,0.0,0.0
2022-02-11 00:00:00-05:00,325.0799865722656,327.07000732421875,308.44000244140625,312.9100036621094,301.23028564453125,831300,0.0,0.0
2022-02-14 00:00:00-05:00,310.489990234375,318.92999267578125,310.2900085449219,313.25,301.5575866699219,609900,0.0,0.0
2022-02-15 00:00:00-05:00,317.0299987792969,323.55999755859375,314.2200012207031,322.8699951171875,310.8185119628906,762300,0.0,0.0
2022-02-16 00:00:00-05:00,320.55999755859375,326.6199951171875,320.510009765625,325.1199951171875,312.9844970703125,456800,0.0,0.0
2022-02-17 00:00:00-05:00,321.510009765625,324.3699951171875,313.3599853515625,314.2099914550781,302.4817199707031,433600,0.0,0.0
2022-02-18 00:00:00-05:00,313.9200134277344,318.6600036621094,310.3299865722656,311.82000732421875,300.18096923828125,392500,0.0,0.0
2022-02-22 00:00:00-05:00,310.0,316.04998779296875,308.3900146484375,312.32000732421875,300.66229248046875,671900,0.0,0.0
2022-02-23 00:00:00-05:00,315.4599914550781,317.25,298.54998779296875,299.20001220703125,288.03204345703125,817600,0.0,0.0
2022-02-24 00:00:00-05:00,288.9599914550781,308.8999938964844,288.3699951171875,308.32000732421875,296.8115539550781,754100,0.0,0.0
2022-02-25 00:00:00-05:00,309.0,317.489990234375,307.2200012207031,316.30999755859375,304.5033874511719,516600,0.0,0.0
2022-02-28 00:00:00-05:00,312.4700012207031,322.2099914550781,311.54998779296875,321.6199951171875,309.6151428222656,669700,0.0,0.0
2022-03-01 00:00:00-05:00,320.04998779296875,320.9800109863281,310.0,313.0400085449219,301.3554382324219,629200,0.0,0.0
2022-03-02 00:00:00-05:00,316.45001220703125,329.6600036621094,315.7200012207031,326.30999755859375,314.1300354003906,491200,0.0,0.0
2022-03-03 00:00:00-05:00,329.32000732421875,330.989990234375,322.3699951171875,328.6400146484375,316.3731384277344,618300,0.0,0.0
2022-03-04 00:00:00-05:00,324.80999755859375,326.0799865722656,312.30999755859375,316.510009765625,304.69580078125,654800,0.0,0.0
2022-03-07 00:00:00-05:00,317.8599853515625,317.8599853515625,295.5,298.239990234375,287.1077880859375,999800,0.0,0.0
2022-03-08 00:00:00-05:00,301.94000244140625,320.29998779296875,301.94000244140625,310.67999267578125,299.0834655761719,904500,0.0,0.0
2022-03-09 00:00:00-05:00,318.989990234375,320.989990234375,314.0799865722656,315.7900085449219,304.0027770996094,704800,0.0,0.0
2022-03-10 00:00:00-05:00,312.4800109863281,322.3399963378906,311.19000244140625,321.25,309.2590026855469,439200,0.0,0.0
2022-03-11 00:00:00-05:00,327.489990234375,330.79998779296875,322.45001220703125,322.75,310.70294189453125,462900,0.0,0.0
2022-03-14 00:00:00-04:00,324.2200012207031,331.04998779296875,318.3500061035156,320.260009765625,308.305908203125,801400,0.0,0.0
2022-03-15 00:00:00-04:00,321.0,331.1300048828125,320.29998779296875,328.3500061035156,316.0939636230469,573800,0.0,0.0
2022-03-16 00:00:00-04:00,329.760009765625,340.5,329.760009765625,337.55999755859375,324.96014404296875,831300,0.0,0.0
2022-03-17 00:00:00-04:00,333.55999755859375,348.29998779296875,333.05999755859375,346.7699890136719,333.8263244628906,907700,0.0,0.0
2022-03-18 00:00:00-04:00,342.44000244140625,349.4599914550781,341.8800048828125,346.239990234375,333.3161315917969,672000,0.0,0.0
2022-03-21 00:00:00-04:00,346.25,348.95001220703125,343.4100036621094,347.79998779296875,334.8179016113281,609900,0.0,0.0
2022-03-22 00:00:00-04:00,350.0,358.0799865722656,349.54998779296875,356.3599853515625,343.0583801269531,703500,0.0,0.0
2022-03-23 00:00:00-04:00,355.0,361.1700134277344,352.010009765625,354.42999267578125,341.2004699707031,795800,0.0,0.0
2022-03-24 00:00:00-04:00,356.25,359.5799865722656,352.07000732421875,358.9800109863281,345.58062744140625,559600,0.0,0.0
2022-03-25 00:00:00-04:00,360.010009765625,364.5,358.8299865722656,363.6700134277344,350.0955810546875,599200,0.0,0.0
2022-03-28 00:00:00-04:00,362.44000244140625,363.54998779296875,356.4200134277344,363.3999938964844,349.8356018066406,397900,0.0,0.0
2022-03-29 00:00:00-04:00,367.1600036621094,368.6099853515625,356.6700134277344,365.20001220703125,351.5684814453125,611100,0.0,0.0
2022-03-30 00:00:00-04:00,363.3800048828125,366.739990234375,357.6499938964844,359.19000244140625,345.7828369140625,638400,0.0,0.0
2022-03-31 00:00:00-04:00,359.42999267578125,365.2799987792969,355.1600036621094,355.2099914550781,341.9513244628906,705200,0.0,0.0
2022-04-01 00:00:00-04:00,358.75,361.54998779296875,350.5799865722656,354.0,340.7864990234375,466000,0.0,0.0
2022-04-04 00:00:00-04:00,353.45001220703125,353.5199890136719,348.6000061035156,349.8999938964844,336.8395080566406,592900,0.0,0.0
2022-04-05 00:00:00-04:00,348.8500061035156,350.2200012207031,340.7099914550781,342.2200012207031,329.4462585449219,650500,0.0,0.0
2022-04-06 00:00:00-04:00,336.25,337.0,320.9599914550781,325.4700012207031,313.3214111328125,1249800,0.0,0.0
2022-04-07 00:00:00-04:00,325.42999267578125,326.6000061035156,317.82000732421875,320.9200134277344,308.9412841796875,816200,0.0,0.0
2022-04-08 00:00:00-04:00,319.3800048828125,324.6600036621094,316.1499938964844,317.04998779296875,305.2156677246094,802700,0.0,0.0
2022-04-11 00:00:00-04:00,314.04998779296875,324.0299987792969,312.1300048828125,316.0299987792969,304.2337646484375,632500,0.0,0.0
2022-04-12 00:00:00-04:00,318.75,327.0199890136719,315.510009765625,318.79998779296875,306.900390625,538400,0.0,0.0
2022-04-13 00:00:00-04:00,319.6099853515625,325.4599914550781,318.05999755859375,324.75,312.6282653808594,370800,0.0,0.0
2022-04-14 00:00:00-04:00,326.1199951171875,334.54998779296875,326.1199951171875,331.07000732421875,318.71240234375,526300,0.0,0.0
2022-04-18 00:00:00-04:00,330.0,341.8900146484375,330.0,339.54998779296875,326.8759460449219,679700,0.0,0.0
2022-04-19 00:00:00-04:00,340.2099914550781,352.239990234375,340.0,351.4800109863281,338.3605651855469,613300,0.0,0.0
2022-04-20 00:00:00-04:00,355.4599914550781,359.8599853515625,351.80999755859375,353.0899963378906,339.9104919433594,561200,0.0,0.0
2022-04-21 00:00:00-04:00,359.0299987792969,359.7900085449219,335.8699951171875,337.7200012207031,325.1142578125,914200,0.0,0.0
2022-04-22 00:00:00-04:00,334.1400146484375,336.3500061035156,314.3299865722656,314.6700134277344,302.9245910644531,976300,0.0,0.0
2022-04-25 00:00:00-04:00,308.9599914550781,315.260009765625,301.79998779296875,313.2799987792969,301.58648681640625,1200500,0.0,0.0
2022-04-26 00:00:00-04:00,309.4800109863281,311.9100036621094,300.739990234375,302.260009765625,290.97772216796875,859000,0.0,0.0
2022-04-27 00:00:00-04:00,301.760009765625,310.6499938964844,300.0899963378906,309.6199951171875,298.06304931640625,1030200,0.0,0.0
2022-04-28 00:00:00-04:00,321.45001220703125,324.0,305.5799865722656,318.5,306.611572265625,1248600,0.0,0.0
2022-04-29 00:00:00-04:00,317.82000732421875,321.1199951171875,314.9100036621094,316.5199890136719,304.7054443359375,924800,0.0,0.0
2022-05-02 00:00:00-04:00,316.0799865722656,316.79998779296875,296.760009765625,307.0299987792969,295.5697326660156,1183100,0.0,0.0
2022-05-03 00:00:00-04:00,307.3900146484375,315.5299987792969,307.3900146484375,312.45001220703125,300.7874755859375,599000,0.0,0.0
2022-05-04 00:00:00-04:00,314.3599853515625,321.25,302.3800048828125,320.510009765625,308.5466003417969,967600,0.0,0.0
2022-05-05 00:00:00-04:00,314.9800109863281,318.54998779296875,298.3999938964844,303.20001220703125,291.8827209472656,1013100,0.0,0.0
2022-05-06 00:00:00-04:00,300.4100036621094,302.6499938964844,288.25,295.4599914550781,284.4316101074219,960400,0.0,0.0
2022-05-09 00:00:00-04:00,290.0,303.3599853515625,286.0,286.82000732421875,276.11407470703125,1463200,0.0,0.0
2022-05-10 00:00:00-04:00,291.239990234375,299.6499938964844,285.6099853515625,293.69000244140625,282.72772216796875,1124200,0.0,0.0
2022-05-11 00:00:00-04:00,291.0,298.2699890136719,280.4599914550781,280.82000732421875,270.3380432128906,894700,0.0,0.0
2022-05-12 00:00:00-04:00,276.8599853515625,283.0299987792969,269.3699951171875,283.0199890136719,272.4559020996094,1363700,0.0,0.0
2022-05-13 00:00:00-04:00,285.54998779296875,293.4800109863281,285.30999755859375,288.44000244140625,277.6737060546875,566400,0.0,0.0
2022-05-16 00:00:00-04:00,286.1400146484375,287.6199951171875,280.20001220703125,282.92999267578125,272.36932373046875,514500,0.0,0.0
2022-05-17 00:00:00-04:00,292.20001220703125,296.25,286.4100036621094,290.4599914550781,279.6181640625,524200,0.0,0.0
2022-05-18 00:00:00-04:00,287.75,292.8999938964844,272.70001220703125,273.3999938964844,263.1949462890625,877500,0.0,0.0
2022-05-19 00:00:00-04:00,269.1400146484375,278.57000732421875,268.5299987792969,272.6099853515625,262.4344482421875,686100,0.0,0.0
2022-05-20 00:00:00-04:00,276.1700134277344,276.7799987792969,262.760009765625,269.9200134277344,259.8448791503906,844600,0.0,0.0
2022-05-23 00:00:00-04:00,272.6700134277344,275.75,267.6199951171875,274.1499938964844,263.9169921875,862900,0.0,0.0
2022-05-24 00:00:00-04:00,271.5,272.04998779296875,263.04998779296875,267.739990234375,257.7463073730469,698800,0.0,0.0
2022-05-25 00:00:00-04:00,267.29998779296875,276.92999267578125,264.9700012207031,275.82000732421875,265.5247497558594,618500,0.0,0.0
2022-05-26 00:00:00-04:00,280.8399963378906,286.07000732421875,279.92999267578125,284.8399963378906,274.2080078125,747200,0.0,0.0
2022-05-27 00:00:00-04:00,288.8500061035156,297.6300048828125,288.7699890136719,297.4599914550781,286.3569641113281,611500,0.0,0.0
2022-05-31 00:00:00-04:00,292.2900085449219,299.55999755859375,291.2900085449219,298.17999267578125,287.050048828125,1726600,0.0,0.0
2022-06-01 00:00:00-04:00,298.7300109863281,301.4800109863281,286.4100036621094,293.5,282.5447692871094,649300,0.0,0.0
2022-06-02 00:00:00-04:00,296.1000061035156,300.0,295.8299865722656,299.70001220703125,288.51336669921875,474100,0.0,0.0
2022-06-03 00:00:00-04:00,296.42999267578125,303.1199951171875,296.07000732421875,301.25,290.0055236816406,592000,0.0,0.0
2022-06-06 00:00:00-04:00,304.9700012207031,308.5,301.29998779296875,307.2699890136719,295.8007507324219,445100,0.0,0.0
2022-06-07 00:00:00-04:00,303.7300109863281,313.5,300.1199951171875,312.67999267578125,301.0087585449219,535600,0.0,0.0
2022-06-08 00:00:00-04:00,309.8299865722656,310.2799987792969,304.3599853515625,305.19000244140625,293.7984313964844,365900,0.0,0.0
2022-06-09 00:00:00-04:00,303.42999267578125,305.0299987792969,298.1099853515625,298.3999938964844,287.2618103027344,471600,0.0,0.0
2022-06-10 00:00:00-04:00,286.07000732421875,293.3900146484375,280.2200012207031,280.2200012207031,269.7604675292969,844300,0.0,0.0
2022-06-13 00:00:00-04:00,269.5799865722656,273.5,261.79998779296875,265.05999755859375,255.16635131835938,1072400,0.0,0.0
2022-06-14 00:00:00-04:00,264.5799865722656,268.94000244140625,257.9700012207031,260.1199951171875,250.41067504882812,846000,0.0,0.0
2022-06-15 00:00:00-04:00,263.1400146484375,270.5799865722656,260.8999938964844,265.9599914550781,256.0326843261719,781400,0.0,0.0
2022-06-16 00:00:00-04:00,256.9599914550781,256.9599914550781,243.1199951171875,245.5399932861328,236.37489318847656,1111800,0.0,0.0
2022-06-17 00:00:00-04:00,242.74000549316406,245.07000732421875,233.1699981689453,239.69000244140625,230.74327087402344,1470600,0.0,0.0
2022-06-21 00:00:00-04:00,243.5,249.67999267578125,240.67999267578125,242.0800018310547,233.0440673828125,879700,0.0,0.0
2022-06-22 00:00:00-04:00,234.6300048828125,243.0,233.1699981689453,241.35000610351562,232.34133911132812,896900,0.0,0.0
2022-06-23 00:00:00-04:00,241.0,243.97000122070312,230.5399932861328,235.83999633789062,227.0369873046875,954700,0.0,0.0
2022-06-24 00:00:00-04:00,238.9600067138672,250.80999755859375,237.44000244140625,248.2899932861328,239.0222625732422,1028300,0.0,0.0
2022-06-27 00:00:00-04:00,250.50999450683594,254.75,248.0,251.99000549316406,242.58416748046875,892300,0.0,0.0
2022-06-28 00:00:00-04:00,253.8800048828125,257.9599914550781,247.57000732421875,247.99000549316406,238.73348999023438,894000,0.0,0.0
2022-06-29 00:00:00-04:00,246.9199981689453,246.9199981689453,237.3800048828125,241.07000732421875,232.07177734375,713400,0.0,0.0
2022-06-30 00:00:00-04:00,238.2100067138672,246.14999389648438,235.77000427246094,242.91000366210938,233.8430938720703,750000,0.0,0.0
2022-07-01 00:00:00-04:00,242.61000061035156,248.1999969482422,237.89999389648438,244.36000061035156,235.23895263671875,526700,0.0,0.0
2022-07-05 00:00:00-04:00,238.0,245.11000061035156,235.38999938964844,244.99000549316406,235.84547424316406,544500,0.0,0.0
2022-07-06 00:00:00-04:00,245.30999755859375,248.63999938964844,238.24000549316406,241.5800018310547,232.56272888183594,497200,0.0,0.0
2022-07-07 00:00:00-04:00,249.4600067138672,252.72999572753906,245.5399932861328,251.08999633789062,241.71775817871094,683700,0.0,0.0
2022-07-08 00:00:00-04:00,250.35000610351562,251.0,245.57000732421875,248.86000061035156,239.57098388671875,398300,0.0,0.0
2022-07-11 00:00:00-04:00,245.72000122070312,249.52999877929688,242.47999572753906,249.3300018310547,240.02345275878906,646500,0.0,0.0
2022-07-12 00:00:00-04:00,247.64999389648438,255.61000061035156,247.32000732421875,250.97999572753906,241.61187744140625,671400,0.0,0.0
2022-07-13 00:00:00-04:00,246.4600067138672,253.25,243.99000549316406,251.0500030517578,241.67926025390625,672300,0.0,0.0
2022-07-14 00:00:00-04:00,244.1999969482422,248.85000610351562,239.39999389648438,248.52999877929688,239.25331115722656,867100,0.0,0.0
2022-07-15 00:00:00-04:00,253.72000122070312,254.22999572753906,244.1999969482422,251.83999633789062,242.4397735595703,727900,0.0,0.0
2022-07-18 00:00:00-04:00,259.17999267578125,264.2699890136719,255.66000366210938,257.04998779296875,247.45526123046875,994100,0.0,0.0
2022-07-19 00:00:00-04:00,259.7099914550781,271.19000244140625,259.7099914550781,270.510009765625,260.4128723144531,1041200,0.0,0.0
2022-07-20 00:00:00-04:00,271.0,277.1700134277344,269.3399963378906,275.6400146484375,265.3514709472656,1063600,0.0,0.0
2022-07-21 00:00:00-04:00,274.4100036621094,280.05999755859375,271.67999267578125,279.7900085449219,269.3464660644531,711700,0.0,0.0
2022-07-22 00:00:00-04:00,281.1099853515625,282.0799865722656,272.0199890136719,274.2900085449219,264.05181884765625,721500,0.0,0.0
2022-07-25 00:00:00-04:00,275.25,278.0799865722656,271.79998779296875,277.8299865722656,267.4596862792969,499100,0.0,0.0
2022-07-26 00:00:00-04:00,275.5299987792969,278.6400146484375,272.9800109863281,276.2099914550781,265.9000549316406,627000,0.0,0.0
2022-07-27 00:00:00-04:00,276.4200134277344,288.17999267578125,276.4200134277344,287.2300109863281,276.5087585449219,1035000,0.0,0.0
2022-07-28 00:00:00-04:00,292.989990234375,304.9800109863281,290.260009765625,304.8299865722656,293.4518127441406,1276100,0.0,0.0
2022-07-29 00:00:00-04:00,308.0,325.8999938964844,307.4700012207031,322.6700134277344,310.6260070800781,1502300,0.0,0.0
2022-08-01 00:00:00-04:00,314.8599853515625,322.6499938964844,307.17999267578125,319.67999267578125,307.74755859375,922800,0.0,0.0
2022-08-02 00:00:00-04:00,317.3999938964844,321.7300109863281,310.82000732421875,314.1000061035156,302.3758239746094,701000,0.0,0.0
2022-08-03 00:00:00-04:00,315.9700012207031,319.1300048828125,309.0400085449219,317.6000061035156,305.74517822265625,670400,0.0,0.0
2022-08-04 00:00:00-04:00,318.70001220703125,324.0799865722656,315.2900085449219,319.2099914550781,307.2950744628906,536000,0.0,0.0
2022-08-05 00:00:00-04:00,314.0,324.6000061035156,313.07000732421875,323.42999267578125,311.35760498046875,510500,0.0,0.0
2022-08-08 00:00:00-04:00,324.19000244140625,329.2300109863281,320.010009765625,322.1400146484375,310.11572265625,409800,0.0,0.0
2022-08-09 00:00:00-04:00,321.010009765625,322.4800109863281,317.25,319.8900146484375,307.94970703125,518400,0.0,0.0
2022-08-10 00:00:00-04:00,329.6199951171875,330.7200012207031,326.7799987792969,327.95001220703125,315.7088623046875,558000,0.0,0.0
2022-08-11 00:00:00-04:00,330.92999267578125,334.1600036621094,329.510009765625,332.2200012207031,319.8194885253906,560700,0.0,0.0
2022-08-12 00:00:00-04:00,334.45001220703125,336.7900085449219,332.25,336.54998779296875,323.98779296875,321300,0.0,0.0
2022-08-15 00:00:00-04:00,332.55999755859375,338.30999755859375,332.55999755859375,337.5199890136719,324.9216613769531,399800,0.0,0.0
2022-08-16 00:00:00-04:00,334.7699890136719,343.6700134277344,334.7699890136719,339.30999755859375,326.64483642578125,465600,0.0,0.0
2022-08-17 00:00:00-04:00,331.82000732421875,333.7799987792969,329.8800048828125,331.3800048828125,319.0108947753906,555000,0.0,0.0
2022-08-18 00:00:00-04:00,326.54998779296875,326.54998779296875,316.9700012207031,323.2300109863281,311.1650085449219,1028000,0.0,0.0
2022-08-19 00:00:00-04:00,319.05999755859375,320.75,314.1300048828125,316.69000244140625,304.8691711425781,675900,0.0,0.0
2022-08-22 00:00:00-04:00,312.20001220703125,315.3900146484375,306.8399963378906,307.54998779296875,296.0702819824219,567700,0.0,0.0
2022-08-23 00:00:00-04:00,306.5,313.5199890136719,306.5,307.010009765625,295.55047607421875,634500,0.0,0.0
2022-08-24 00:00:00-04:00,307.0,313.9800109863281,304.2699890136719,308.0,296.5035095214844,550600,0.0,0.0
2022-08-25 00:00:00-04:00,309.8299865722656,319.80999755859375,308.55999755859375,319.57000732421875,307.6416931152344,457300,0.0,0.0
2022-08-26 00:00:00-04:00,316.94000244140625,321.67999267578125,306.25,306.4200134277344,294.9825744628906,543300,0.0,0.0
2022-08-29 00:00:00-04:00,301.7699890136719,305.2099914550781,300.7099914550781,301.2300109863281,289.9862060546875,902200,0.0,0.0
2022-08-30 00:00:00-04:00,302.54998779296875,303.6099853515625,287.75,292.9200134277344,281.9864196777344,979500,0.0,0.0
2022-08-31 00:00:00-04:00,293.9100036621094,295.4200134277344,290.0,292.0400085449219,281.1392822265625,861200,0.0,0.0
2022-09-01 00:00:00-04:00,288.260009765625,288.70001220703125,281.5199890136719,288.69000244140625,277.9143371582031,830700,0.0,0.0
2022-09-02 00:00:00-04:00,293.8599853515625,296.8299865722656,288.0199890136719,289.7099914550781,278.8962097167969,657400,0.0,0.0
2022-09-06 00:00:00-04:00,290.57000732421875,293.3399963378906,284.25,292.0799865722656,281.1777038574219,662800,0.0,0.0
2022-09-07 00:00:00-04:00,290.1600036621094,297.7099914550781,289.9700012207031,297.1099853515625,286.0199890136719,500600,0.0,0.0
2022-09-08 00:00:00-04:00,293.9200134277344,305.17999267578125,291.5799865722656,304.92999267578125,293.548095703125,546700,0.0,0.0
2022-09-09 00:00:00-04:00,307.92999267578125,311.8299865722656,307.2900085449219,311.1400146484375,299.5262756347656,469500,0.0,0.0
2022-09-12 00:00:00-04:00,314.5,317.29998779296875,309.0400085449219,313.3999938964844,301.7019348144531,645400,0.0,0.0
2022-09-13 00:00:00-04:00,301.4100036621094,302.6199951171875,293.57000732421875,294.6700134277344,283.671142578125,833600,0.0,0.0
2022-09-14 00:00:00-04:00,295.6199951171875,295.6199951171875,285.2699890136719,290.0,279.1753845214844,649700,0.0,0.0
2022-09-15 00:00:00-04:00,285.8800048828125,296.19000244140625,285.8800048828125,288.7099914550781,277.93353271484375,715700,0.0,0.0
2022-09-16 00:00:00-04:00,285.17999267578125,286.42999267578125,278.25,286.0400085449219,275.36322021484375,1048900,0.0,0.0
2022-09-19 00:00:00-04:00,284.1199951171875,295.9100036621094,283.1400146484375,295.4200134277344,284.3930969238281,633300,0.0,0.0
2022-09-20 00:00:00-04:00,290.5400085449219,290.8800048828125,285.20001220703125,289.760009765625,278.9443664550781,608700,0.0,0.0
2022-09-21 00:00:00-04:00,292.8800048828125,295.9800109863281,282.57000732421875,282.8699951171875,272.3115539550781,764100,0.0,0.0
2022-09-22 00:00:00-04:00,282.6099853515625,283.8800048828125,270.4700012207031,273.2699890136719,263.0698547363281,1014300,0.0,0.0
2022-09-23 00:00:00-04:00,268.5899963378906,269.75,256.2300109863281,263.3699951171875,253.5393524169922,1097500,0.0,0.0
2022-09-26 00:00:00-04:00,261.95001220703125,269.80999755859375,257.6000061035156,260.010009765625,250.3048553466797,728500,0.0,0.0
2022-09-27 00:00:00-04:00,264.32000732421875,270.6300048828125,260.55999755859375,264.45001220703125,254.5791015625,680700,0.0,0.0
2022-09-28 00:00:00-04:00,265.9100036621094,278.2799987792969,264.70001220703125,277.0199890136719,266.6799011230469,860200,0.0,0.0
2022-09-29 00:00:00-04:00,272.79998779296875,274.17999267578125,264.4200134277344,270.1499938964844,260.0662841796875,534400,0.0,0.0
2022-09-30 00:00:00-04:00,268.8500061035156,276.6300048828125,265.0,270.1199951171875,260.0374450683594,930300,0.0,0.0
2022-10-03 00:00:00-04:00,276.3900146484375,283.94000244140625,273.32000732421875,281.6099853515625,271.09857177734375,829200,0.0,0.0
2022-10-04 00:00:00-04:00,289.3999938964844,294.3900146484375,289.3500061035156,294.260009765625,283.2763977050781,478600,0.0,0.0
2022-10-05 00:00:00-04:00,288.7900085449219,296.94000244140625,287.6099853515625,293.8800048828125,282.9106140136719,453600,0.0,0.0
2022-10-06 00:00:00-04:00,293.1300048828125,298.1400146484375,291.95001220703125,293.5799865722656,282.6217346191406,672700,0.0,0.0
2022-10-07 00:00:00-04:00,288.2699890136719,290.7900085449219,280.8999938964844,284.5199890136719,273.8999328613281,828000,0.0,0.0
2022-10-10 00:00:00-04:00,287.1199951171875,288.510009765625,281.1499938964844,282.0199890136719,271.49322509765625,598100,0.0,0.0
2022-10-11 00:00:00-04:00,280.05999755859375,282.57000732421875,274.07000732421875,277.760009765625,267.3922424316406,668700,0.0,0.0
2022-10-12 00:00:00-04:00,277.7799987792969,281.5799865722656,274.29998779296875,276.5799865722656,266.2563171386719,668600,0.0,0.0
2022-10-13 00:00:00-04:00,269.54998779296875,286.80999755859375,260.9700012207031,283.3500061035156,272.77362060546875,851300,0.0,0.0
2022-10-14 00:00:00-04:00,286.8999938964844,289.8999938964844,275.3999938964844,277.0,266.6606140136719,582700,0.0,0.0
2022-10-17 00:00:00-04:00,284.0,289.4599914550781,280.6000061035156,287.8399963378906,277.0960388183594,542900,0.0,0.0
2022-10-18 00:00:00-04:00,296.6300048828125,299.3699951171875,289.6499938964844,295.3699951171875,284.344970703125,610800,0.0,0.0
2022-10-19 00:00:00-04:00,291.9700012207031,293.5799865722656,284.17999267578125,286.8500061035156,276.1429748535156,541300,0.0,0.0
2022-10-20 00:00:00-04:00,286.55999755859375,289.489990234375,274.0400085449219,275.3800048828125,265.1010437011719,956700,0.0,0.0
2022-10-21 00:00:00-04:00,274.3299865722656,285.8800048828125,271.04998779296875,284.67999267578125,274.05401611328125,661900,0.0,0.0
2022-10-24 00:00:00-04:00,286.9599914550781,291.3299865722656,282.1000061035156,290.7300109863281,279.878173828125,653100,0.0,0.0
2022-10-25 00:00:00-04:00,288.4800109863281,296.9800109863281,288.1400146484375,294.94000244140625,283.9310302734375,841700,0.0,0.0
2022-10-26 00:00:00-04:00,297.3599853515625,302.5199890136719,292.3800048828125,296.2300109863281,285.1728820800781,757800,0.0,0.0
2022-10-27 00:00:00-04:00,301.9200134277344,304.95001220703125,293.1099853515625,298.57000732421875,287.4255065917969,1047600,0.0,0.0
2022-10-28 00:00:00-04:00,301.7200012207031,309.8399963378906,299.0,309.5899963378906,298.0341491699219,760000,0.0,0.0
2022-10-31 00:00:00-04:00,309.57000732421875,319.6400146484375,308.2699890136719,315.7099914550781,303.92572021484375,907400,0.0,0.0
2022-11-01 00:00:00-04:00,319.739990234375,322.3800048828125,314.2699890136719,321.20001220703125,309.2109069824219,652600,0.0,0.0
2022-11-02 00:00:00-04:00,319.760009765625,324.1000061035156,309.0400085449219,309.45001220703125,297.8994445800781,757400,0.0,0.0
2022-11-03 00:00:00-04:00,303.8299865722656,318.9599914550781,303.30999755859375,316.3299865722656,304.5226135253906,521300,0.0,0.0
2022-11-04 00:00:00-04:00,323.92999267578125,326.44000244140625,316.95001220703125,323.8699951171875,311.7811279296875,579300,0.0,0.0
2022-11-07 00:00:00-05:00,326.67999267578125,326.67999267578125,316.5899963378906,322.989990234375,310.9340515136719,601700,0.0,0.0
2022-11-08 00:00:00-05:00,324.7699890136719,330.2099914550781,321.0299987792969,327.8299865722656,315.59332275390625,651400,0.0,0.0
2022-11-09 00:00:00-05:00,323.6600036621094,326.20001220703125,317.3699951171875,317.67999267578125,305.82220458984375,545500,0.0,0.0
2022-11-10 00:00:00-05:00,333.0,348.2300109863281,333.0,344.9100036621094,332.03582763671875,1081800,0.0,0.0
2022-11-11 00:00:00-05:00,347.4100036621094,362.67999267578125,346.25,349.30999755859375,336.27154541015625,1028500,0.0,0.0
2022-11-14 00:00:00-05:00,345.0,364.2099914550781,343.9200134277344,358.1099853515625,344.7431335449219,1153400,0.0,0.0
2022-11-15 00:00:00-05:00,367.94000244140625,367.94000244140625,351.55999755859375,354.8900146484375,341.6433410644531,889900,0.0,0.0
2022-11-16 00:00:00-05:00,354.17999267578125,354.17999267578125,342.9200134277344,347.20001220703125,334.2403259277344,871400,0.0,0.0
2022-11-17 00:00:00-05:00,341.6499938964844,352.1400146484375,335.94000244140625,347.4200134277344,334.4521179199219,795900,0.0,0.0
2022-11-18 00:00:00-05:00,353.4800109863281,354.95001220703125,341.5400085449219,345.70001220703125,332.79632568359375,474600,0.0,0.0
2022-11-21 00:00:00-05:00,344.2099914550781,354.05999755859375,342.7799987792969,349.0899963378906,336.0597839355469,500100,0.0,0.0
2022-11-22 00:00:00-05:00,359.4100036621094,359.9800109863281,353.70001220703125,356.239990234375,342.94281005859375,641900,0.0,0.0
2022-11-23 00:00:00-05:00,355.2900085449219,361.9200134277344,354.4599914550781,358.44000244140625,345.060791015625,515700,0.0,0.0
2022-11-25 00:00:00-05:00,360.0,361.989990234375,355.0,359.0299987792969,345.6286926269531,197700,0.0,0.0
2022-11-28 00:00:00-05:00,355.010009765625,358.760009765625,345.6499938964844,347.5899963378906,334.6157531738281,674000,0.0,0.0
2022-11-29 00:00:00-05:00,348.1499938964844,348.95001220703125,341.4800109863281,342.7300109863281,329.93719482421875,720400,0.0,0.0
2022-11-30 00:00:00-05:00,342.010009765625,353.25,337.44000244140625,353.0299987792969,339.85272216796875,1218800,0.0,0.0
2022-12-01 00:00:00-05:00,354.0,358.45001220703125,350.30999755859375,356.4200134277344,343.1162109375,523300,0.0,0.0
2022-12-02 00:00:00-05:00,350.5899963378906,358.55999755859375,347.57000732421875,356.57000732421875,343.2605895996094,507600,0.0,0.0
2022-12-05 00:00:00-05:00,351.6400146484375,354.4700012207031,344.80999755859375,345.6700134277344,332.7674865722656,470900,0.0,0.0
2022-12-06 00:00:00-05:00,346.94000244140625,350.0400085449219,343.6000061035156,347.2900085449219,334.3269958496094,683000,0.0,0.0
2022-12-07 00:00:00-05:00,345.30999755859375,357.1600036621094,345.239990234375,351.5199890136719,338.3990478515625,664800,0.0,0.0
2022-12-08 00:00:00-05:00,355.6099853515625,361.989990234375,354.489990234375,361.6400146484375,348.141357421875,862400,0.0,0.0
2022-12-09 00:00:00-05:00,361.6000061035156,363.4700012207031,352.54998779296875,352.6300048828125,339.4676818847656,428600,0.0,0.0
2022-12-12 00:00:00-05:00,354.04998779296875,361.7699890136719,351.0,360.45001220703125,346.9957580566406,485900,0.0,0.0
2022-12-13 00:00:00-05:00,371.2799987792969,372.0,361.7099914550781,367.0199890136719,353.3205261230469,731700,0.0,0.0
2022-12-14 00:00:00-05:00,367.0199890136719,373.9100036621094,364.6400146484375,368.1400146484375,354.3987731933594,944200,0.0,0.0
2022-12-15 00:00:00-05:00,360.04998779296875,361.5799865722656,353.3699951171875,357.42999267578125,344.0885009765625,981600,0.0,0.0
2022-12-16 00:00:00-05:00,354.0,360.1000061035156,351.67999267578125,353.510009765625,340.3148498535156,1089100,0.0,0.0
2022-12-19 00:00:00-05:00,354.2200012207031,356.7799987792969,349.3299865722656,351.25,338.13909912109375,485500,0.0,0.0
2022-12-20 00:00:00-05:00,351.2300109863281,353.70001220703125,349.260009765625,350.6099853515625,337.5230712890625,555600,0.0,0.0
2022-12-21 00:00:00-05:00,353.44000244140625,360.3699951171875,351.25,359.8299865722656,346.39886474609375,534400,0.0,0.0
2022-12-22 00:00:00-05:00,354.5899963378906,354.7900085449219,343.2099914550781,350.8800048828125,337.78302001953125,680900,0.0,0.0
2022-12-23 00:00:00-05:00,350.42999267578125,355.739990234375,349.6300048828125,355.2200012207031,341.96099853515625,270600,0.0,0.0
2022-12-27 00:00:00-05:00,355.239990234375,364.6600036621094,354.0400085449219,358.67999267578125,345.2918395996094,617100,0.0,0.0
2022-12-28 00:00:00-05:00,359.3399963378906,361.0799865722656,351.3999938964844,351.8800048828125,338.7456359863281,382400,0.0,0.0
2022-12-29 00:00:00-05:00,355.6000061035156,360.739990234375,354.3599853515625,356.2099914550781,342.9140319824219,404100,0.0,0.0
2022-12-30 00:00:00-05:00,352.9599914550781,356.6300048828125,350.6700134277344,355.4200134277344,342.153564453125,670400,0.0,0.0
2023-01-03 00:00:00-05:00,357.70001220703125,359.3999938964844,352.19000244140625,356.7099914550781,343.3954162597656,492900,0.0,0.0
2023-01-04 00:00:00-05:00,360.5299987792969,367.5299987792969,359.94000244140625,366.010009765625,352.3482360839844,584600,0.0,0.0
2023-01-05 00:00:00-05:00,361.5899963378906,365.9200134277344,359.1700134277344,364.0899963378906,350.4999084472656,549700,0.0,0.0
2023-01-06 00:00:00-05:00,367.6499938964844,379.7699890136719,366.55999755859375,377.3399963378906,363.25537109375,711400,0.0,0.0
2023-01-09 00:00:00-05:00,382.7300109863281,388.739990234375,374.80999755859375,376.0,361.96533203125,806600,0.0,0.0
2023-01-10 00:00:00-05:00,375.2300109863281,383.510009765625,372.8699951171875,381.4700012207031,367.2311706542969,635400,0.0,0.0
2023-01-11 00:00:00-05:00,382.94000244140625,387.4800109863281,381.0199890136719,383.9700012207031,369.6377868652344,581000,0.0,0.0
2023-01-12 00:00:00-05:00,384.7300109863281,393.9800109863281,382.6199951171875,391.7699890136719,377.14666748046875,694100,0.0,0.0
2023-01-13 00:00:00-05:00,388.2300109863281,392.6400146484375,386.3599853515625,392.239990234375,377.5991516113281,471800,0.0,0.0
2023-01-17 00:00:00-05:00,391.6000061035156,392.8399963378906,386.7200012207031,388.8699951171875,374.35498046875,460600,0.0,0.0
2023-01-18 00:00:00-05:00,391.25,394.3999938964844,384.57000732421875,386.010009765625,371.6017761230469,583100,0.0,0.0
2023-01-19 00:00:00-05:00,381.1000061035156,382.8500061035156,372.6499938964844,373.3299865722656,359.39501953125,634500,0.0,0.0
2023-01-20 00:00:00-05:00,373.510009765625,383.8800048828125,370.0199890136719,383.6700134277344,369.3490295410156,689600,0.0,0.0
2023-01-23 00:00:00-05:00,386.2799987792969,392.9100036621094,384.3299865722656,392.0299987792969,377.39703369140625,743100,0.0,0.0
2023-01-24 00:00:00-05:00,391.1499938964844,397.3800048828125,387.2699890136719,393.79998779296875,379.1009216308594,790400,0.0,0.0
2023-01-25 00:00:00-05:00,386.0199890136719,394.6000061035156,383.55999755859375,392.4800109863281,377.8302307128906,788300,0.0,0.0
2023-01-26 00:00:00-05:00,414.5299987792969,431.8900146484375,404.3900146484375,431.4800109863281,415.37451171875,1984600,0.0,0.0
2023-01-27 00:00:00-05:00,432.0,438.2200012207031,428.19000244140625,434.0899963378906,417.88702392578125,1274900,0.0,0.0
2023-01-30 00:00:00-05:00,430.6499938964844,437.2799987792969,428.55999755859375,429.0400085449219,413.02557373046875,725000,0.0,0.0
2023-01-31 00:00:00-05:00,430.010009765625,441.1700134277344,425.54998779296875,440.95001220703125,424.49102783203125,919500,0.0,0.0
2023-02-01 00:00:00-05:00,439.0199890136719,459.4700012207031,438.3699951171875,454.8999938964844,437.9202880859375,1049900,0.0,0.0
2023-02-02 00:00:00-05:00,460.79998779296875,466.010009765625,451.0400085449219,456.20001220703125,439.1717834472656,1209100,0.0,0.0
2023-02-03 00:00:00-05:00,448.95001220703125,457.44000244140625,446.6400146484375,455.07000732421875,438.0840148925781,639600,0.0,0.0
2023-02-06 00:00:00-05:00,451.0,455.5299987792969,449.25,453.9599914550781,437.015380859375,504300,0.0,0.0
2023-02-07 00:00:00-05:00,450.79998779296875,458.2099914550781,445.67999267578125,455.8999938964844,440.3184814453125,751100,1.48,0.0
2023-02-08 00:00:00-05:00,454.30999755859375,459.44000244140625,452.4200134277344,458.0400085449219,442.3854064941406,670700,0.0,0.0
2023-02-09 00:00:00-05:00,460.4700012207031,463.05999755859375,448.42999267578125,450.0199890136719,434.6394348144531,526400,0.0,0.0
2023-02-10 00:00:00-05:00,448.0899963378906,450.30999755859375,444.44000244140625,448.6499938964844,433.31622314453125,487400,0.0,0.0
2023-02-13 00:00:00-05:00,450.0,460.6199951171875,449.1000061035156,459.5,443.79547119140625,553600,0.0,0.0
2023-02-14 00:00:00-05:00,456.6099853515625,461.9800109863281,451.3299865722656,456.6300048828125,441.0235900878906,571600,0.0,0.0
2023-02-15 00:00:00-05:00,451.7799987792969,470.8800048828125,451.7300109863281,470.6499938964844,454.5643615722656,738900,0.0,0.0
2023-02-16 00:00:00-05:00,463.0199890136719,469.1499938964844,460.3800048828125,462.0199890136719,446.22930908203125,657100,0.0,0.0
2023-02-17 00:00:00-05:00,460.3800048828125,463.7900085449219,459.20001220703125,461.25,445.48565673828125,485900,0.0,0.0
2023-02-21 00:00:00-05:00,455.0,460.6099853515625,444.6300048828125,445.6199951171875,430.3898010253906,758500,0.0,0.0
2023-02-22 00:00:00-05:00,445.6199951171875,449.1600036621094,440.05999755859375,442.0799865722656,426.9708251953125,719800,0.0,0.0
2023-02-23 00:00:00-05:00,447.29998779296875,450.760009765625,438.67999267578125,446.6199951171875,431.355712890625,605100,0.0,0.0
2023-02-24 00:00:00-05:00,441.54998779296875,451.6199951171875,439.07000732421875,450.42999267578125,435.0354309082031,463300,0.0,0.0
2023-02-27 00:00:00-05:00,454.3999938964844,464.989990234375,453.80999755859375,463.260009765625,447.427001953125,842400,0.0,0.0
2023-02-28 00:00:00-05:00,463.7200012207031,471.8599853515625,462.57000732421875,468.5299987792969,452.516845703125,979000,0.0,0.0
2023-03-01 00:00:00-05:00,467.4200134277344,475.3299865722656,467.3500061035156,467.79998779296875,451.8117370605469,706200,0.0,0.0
2023-03-02 00:00:00-05:00,465.19000244140625,472.0799865722656,459.1199951171875,470.6000061035156,454.51605224609375,577300,0.0,0.0
2023-03-03 00:00:00-05:00,471.3800048828125,481.5899963378906,468.6000061035156,479.57000732421875,463.17950439453125,526700,0.0,0.0
2023-03-06 00:00:00-05:00,477.9599914550781,481.989990234375,475.0,475.0199890136719,458.7850036621094,647600,0.0,0.0
2023-03-07 00:00:00-05:00,476.69000244140625,481.0,474.6600036621094,475.760009765625,459.499755859375,690400,0.0,0.0
2023-03-08 00:00:00-05:00,473.92999267578125,477.4800109863281,470.5,477.3599853515625,461.0450439453125,524500,0.0,0.0
2023-03-09 00:00:00-05:00,477.5,479.989990234375,453.239990234375,453.69000244140625,438.18402099609375,790300,0.0,0.0
2023-03-10 00:00:00-05:00,453.510009765625,454.3699951171875,425.6700134277344,429.2799987792969,414.6083068847656,1731400,0.0,0.0
2023-03-13 00:00:00-04:00,419.0,420.75,407.6600036621094,408.1499938964844,394.20050048828125,1602400,0.0,0.0
2023-03-14 00:00:00-04:00,421.8900146484375,425.0,409.4800109863281,416.0899963378906,401.8691101074219,1279500,0.0,0.0
2023-03-15 00:00:00-04:00,402.57000732421875,405.25,382.1000061035156,393.82000732421875,380.3602600097656,1830600,0.0,0.0
2023-03-16 00:00:00-04:00,387.510009765625,402.4100036621094,382.30999755859375,397.1600036621094,383.5860290527344,1085800,0.0,0.0
2023-03-17 00:00:00-04:00,391.5299987792969,392.45001220703125,368.8500061035156,370.0899963378906,357.4412536621094,2179100,0.0,0.0
2023-03-20 00:00:00-04:00,375.5199890136719,385.3500061035156,375.0799865722656,378.45001220703125,365.5155334472656,1760600,0.0,0.0
2023-03-21 00:00:00-04:00,388.6099853515625,400.8299865722656,386.6600036621094,398.2900085449219,384.677490234375,1512500,0.0,0.0
2023-03-22 00:00:00-04:00,397.1000061035156,404.8399963378906,388.5,389.2099914550781,375.9078063964844,1206900,0.0,0.0
2023-03-23 00:00:00-04:00,391.5899963378906,397.3800048828125,373.8900146484375,382.17999267578125,369.11810302734375,1123200,0.0,0.0
2023-03-24 00:00:00-04:00,374.42999267578125,375.9599914550781,361.6400146484375,370.7799987792969,358.107666015625,1533500,0.0,0.0
2023-03-27 00:00:00-04:00,369.1099853515625,375.32000732421875,365.4800109863281,372.8299865722656,360.0876159667969,1251600,0.0,0.0
2023-03-28 00:00:00-04:00,372.4599914550781,379.7699890136719,371.0899963378906,374.9700012207031,362.1544189453125,665700,0.0,0.0
2023-03-29 00:00:00-04:00,381.32000732421875,384.2799987792969,376.1300048828125,384.1099853515625,370.98211669921875,627500,0.0,0.0
2023-03-30 00:00:00-04:00,389.3599853515625,391.4200134277344,384.7699890136719,386.20001220703125,373.00067138671875,715800,0.0,0.0
2023-03-31 00:00:00-04:00,390.2099914550781,395.94000244140625,388.260009765625,395.760009765625,382.2340087890625,878100,0.0,0.0
2023-04-03 00:00:00-04:00,394.6700134277344,401.2900085449219,385.7300109863281,389.07000732421875,375.7725524902344,713400,0.0,0.0
2023-04-04 00:00:00-04:00,390.1499938964844,390.1499938964844,354.6400146484375,359.1300048828125,346.85589599609375,1997400,0.0,0.0
2023-04-05 00:00:00-04:00,352.20001220703125,359.7300109863281,346.9800109863281,351.2699890136719,339.2645263671875,1839200,0.0,0.0
2023-04-06 00:00:00-04:00,349.989990234375,360.44000244140625,345.6300048828125,355.2699890136719,343.1278381347656,1495200,0.0,0.0
2023-04-10 00:00:00-04:00,354.0899963378906,366.3399963378906,353.29998779296875,364.9200134277344,352.44793701171875,904400,0.0,0.0
2023-04-11 00:00:00-04:00,367.4200134277344,374.989990234375,366.6099853515625,370.54998779296875,357.8855285644531,781600,0.0,0.0
2023-04-12 00:00:00-04:00,375.6199951171875,380.19000244140625,371.2699890136719,376.07000732421875,363.2168884277344,826000,0.0,0.0
2023-04-13 00:00:00-04:00,375.07000732421875,377.45001220703125,368.4700012207031,373.3399963378906,360.5801696777344,1006100,0.0,0.0
2023-04-14 00:00:00-04:00,375.69000244140625,381.0199890136719,373.07000732421875,378.04998779296875,365.1291809082031,716600,0.0,0.0
2023-04-17 00:00:00-04:00,379.4599914550781,385.5400085449219,378.6000061035156,383.5199890136719,370.4122314453125,692800,0.0,0.0
2023-04-18 00:00:00-04:00,386.0,389.4700012207031,384.0199890136719,387.2799987792969,374.043701171875,677900,0.0,0.0
2023-04-19 00:00:00-04:00,382.8999938964844,384.0199890136719,376.1499938964844,378.57000732421875,365.6314697265625,717400,0.0,0.0
2023-04-20 00:00:00-04:00,372.54998779296875,380.3699951171875,371.3800048828125,375.4800109863281,362.6470642089844,787100,0.0,0.0
2023-04-21 00:00:00-04:00,373.989990234375,374.0,367.0899963378906,372.6600036621094,359.9234313964844,742400,0.0,0.0
2023-04-24 00:00:00-04:00,373.67999267578125,384.1099853515625,373.67999267578125,383.6099853515625,370.4991455078125,848700,0.0,0.0
2023-04-25 00:00:00-04:00,379.5,381.6300048828125,376.07000732421875,377.6400146484375,364.7332763671875,1357200,0.0,0.0
2023-04-26 00:00:00-04:00,378.7799987792969,381.2900085449219,372.6199951171875,375.010009765625,362.1930847167969,1771800,0.0,0.0
2023-04-27 00:00:00-04:00,356.0,357.9800109863281,345.07000732421875,357.6600036621094,345.43609619140625,2002700,0.0,0.0
2023-04-28 00:00:00-04:00,354.5299987792969,361.80999755859375,350.239990234375,361.1099853515625,348.7681884765625,967000,0.0,0.0
2023-05-01 00:00:00-04:00,360.9599914550781,368.3399963378906,360.0,361.6400146484375,349.2800598144531,797700,0.0,0.0
2023-05-02 00:00:00-04:00,358.9599914550781,362.6499938964844,348.3500061035156,355.4200134277344,343.2726745605469,910100,0.0,0.0
2023-05-03 00:00:00-04:00,354.4800109863281,363.0,349.6499938964844,350.2300109863281,338.2600402832031,878000,0.0,0.0
2023-05-04 00:00:00-04:00,347.92999267578125,348.0,325.1499938964844,328.3800048828125,317.1568603515625,2703000,0.0,0.0
2023-05-05 00:00:00-04:00,338.45001220703125,343.04998779296875,334.6499938964844,342.04998779296875,330.3595886230469,1005500,0.0,0.0
2023-05-08 00:00:00-04:00,345.07000732421875,347.42999267578125,337.6000061035156,340.8900146484375,329.2392883300781,749400,0.0,0.0
2023-05-09 00:00:00-04:00,336.95001220703125,343.45001220703125,334.95001220703125,340.6700134277344,330.46148681640625,631300,1.48,0.0
2023-05-10 00:00:00-04:00,345.8800048828125,346.69000244140625,328.6600036621094,336.04998779296875,325.97991943359375,733700,0.0,0.0
2023-05-11 00:00:00-04:00,331.45001220703125,334.57000732421875,328.3900146484375,334.0799865722656,324.0690002441406,574400,0.0,0.0
2023-05-12 00:00:00-04:00,336.3500061035156,338.7900085449219,325.9100036621094,331.6600036621094,321.72149658203125,728300,0.0,0.0
2023-05-15 00:00:00-04:00,332.7900085449219,339.95001220703125,328.70001220703125,336.92999267578125,326.8335266113281,684600,0.0,0.0
2023-05-16 00:00:00-04:00,331.3599853515625,332.989990234375,326.4100036621094,326.5299987792969,316.7452087402344,645100,0.0,0.0
2023-05-17 00:00:00-04:00,331.45001220703125,344.92999267578125,329.0,340.2200012207031,330.0249938964844,876200,0.0,0.0
2023-05-18 00:00:00-04:00,339.5400085449219,350.6099853515625,338.04998779296875,344.6400146484375,334.31256103515625,817300,0.0,0.0
2023-05-19 00:00:00-04:00,348.8299865722656,350.55999755859375,342.2699890136719,349.0199890136719,338.5612487792969,1181700,0.0,0.0
2023-05-22 00:00:00-04:00,349.32000732421875,351.0,339.25,346.2099914550781,335.8354797363281,803000,0.0,0.0
2023-05-23 00:00:00-04:00,343.510009765625,349.3299865722656,339.1199951171875,343.6199951171875,333.32305908203125,613100,0.0,0.0
2023-05-24 00:00:00-04:00,340.489990234375,341.3999938964844,331.67999267578125,333.8399963378906,323.8360900878906,745700,0.0,0.0
2023-05-25 00:00:00-04:00,336.510009765625,343.6099853515625,335.1700134277344,341.5299987792969,331.29571533203125,615700,0.0,0.0
2023-05-26 00:00:00-04:00,344.70001220703125,352.7099914550781,344.1400146484375,350.9700012207031,340.45281982421875,946600,0.0,0.0
2023-05-30 00:00:00-04:00,352.5899963378906,355.9100036621094,342.3299865722656,346.5199890136719,336.13616943359375,766200,0.0,0.0
2023-05-31 00:00:00-04:00,343.32000732421875,345.2699890136719,333.010009765625,333.7900085449219,323.7876892089844,1129300,0.0,0.0
2023-06-01 00:00:00-04:00,335.2799987792969,342.4200134277344,330.29998779296875,339.2900085449219,329.1228332519531,953500,0.0,0.0
2023-06-02 00:00:00-04:00,353.1400146484375,363.05999755859375,347.2300109863281,361.6000061035156,350.7643127441406,1353100,0.0,0.0
2023-06-05 00:00:00-04:00,363.0,363.2799987792969,352.8900146484375,357.6300048828125,346.913330078125,729900,0.0,0.0
2023-06-06 00:00:00-04:00,353.8500061035156,372.3800048828125,353.489990234375,371.1600036621094,360.0378112792969,821200,0.0,0.0
2023-06-07 00:00:00-04:00,376.2099914550781,391.57000732421875,374.2200012207031,387.5299987792969,375.91729736328125,1631300,0.0,0.0
2023-06-08 00:00:00-04:00,386.6400146484375,393.05999755859375,384.4100036621094,389.6099853515625,377.9349670410156,963800,0.0,0.0
2023-06-09 00:00:00-04:00,390.9200134277344,392.44000244140625,384.010009765625,389.0199890136719,377.3626708984375,821600,0.0,0.0
2023-06-12 00:00:00-04:00,388.42999267578125,393.6099853515625,382.239990234375,390.57000732421875,378.86614990234375,726900,0.0,0.0
2023-06-13 00:00:00-04:00,389.8500061035156,414.3999938964844,389.29998779296875,410.0899963378906,397.80126953125,1347500,0.0,0.0
2023-06-14 00:00:00-04:00,411.79998779296875,414.5299987792969,401.7699890136719,405.9800109863281,393.81439208984375,1164900,0.0,0.0
2023-06-15 00:00:00-04:00,402.4700012207031,413.30999755859375,402.4700012207031,409.9599914550781,397.6751708984375,881500,0.0,0.0
2023-06-16 00:00:00-04:00,412.4100036621094,413.6499938964844,402.7300109863281,403.0899963378906,391.0110778808594,1133700,0.0,0.0
2023-06-20 00:00:00-04:00,399.29998779296875,408.9599914550781,396.739990234375,407.010009765625,394.8135681152344,930900,0.0,0.0
2023-06-21 00:00:00-04:00,405.3599853515625,417.9200134277344,404.79998779296875,414.05999755859375,401.6523132324219,948200,0.0,0.0
2023-06-22 00:00:00-04:00,411.8500061035156,411.8500061035156,401.8399963378906,402.4700012207031,390.40960693359375,803300,0.0,0.0
2023-06-23 00:00:00-04:00,395.8699951171875,407.0,392.7699890136719,404.3800048828125,392.2623291015625,1110000,0.0,0.0
2023-06-26 00:00:00-04:00,404.3299865722656,417.7699890136719,404.3299865722656,412.7799987792969,400.41064453125,745400,0.0,0.0
2023-06-27 00:00:00-04:00,415.010009765625,426.79998779296875,412.92999267578125,423.2699890136719,410.58624267578125,903100,0.0,0.0
2023-06-28 00:00:00-04:00,421.5,431.80999755859375,419.95001220703125,430.3699951171875,417.4735412597656,880400,0.0,0.0
2023-06-29 00:00:00-04:00,430.0799865722656,438.0799865722656,429.3999938964844,435.6300048828125,422.5758972167969,708900,0.0,0.0
2023-06-30 00:00:00-04:00,440.0,448.45001220703125,437.1000061035156,445.3699951171875,432.0240173339844,782800,0.0,0.0
2023-07-03 00:00:00-04:00,443.0,450.6499938964844,442.9599914550781,448.6300048828125,435.1863708496094,382800,0.0,0.0
2023-07-05 00:00:00-04:00,443.0,448.17999267578125,438.9700012207031,441.6300048828125,428.3961486816406,842700,0.0,0.0
2023-07-06 00:00:00-04:00,436.4800109863281,440.8999938964844,423.5400085449219,428.2799987792969,415.4461975097656,1013300,0.0,0.0
2023-07-07 00:00:00-04:00,428.1000061035156,440.260009765625,426.4100036621094,433.57000732421875,420.5776672363281,555400,0.0,0.0
2023-07-10 00:00:00-04:00,429.7799987792969,445.20001220703125,429.7799987792969,444.9700012207031,431.63604736328125,516900,0.0,0.0
2023-07-11 00:00:00-04:00,447.0,459.1700134277344,446.82000732421875,457.32000732421875,443.6159973144531,912500,0.0,0.0
2023-07-12 00:00:00-04:00,468.1700134277344,471.82000732421875,460.4599914550781,467.1700134277344,453.1708068847656,851600,0.0,0.0
2023-07-13 00:00:00-04:00,466.70001220703125,469.7300109863281,458.07000732421875,458.42999267578125,444.6927185058594,816400,0.0,0.0
2023-07-14 00:00:00-04:00,459.9200134277344,460.3999938964844,439.0799865722656,445.45001220703125,432.1017761230469,1109100,0.0,0.0
2023-07-17 00:00:00-04:00,444.0799865722656,455.3999938964844,442.5299987792969,451.489990234375,437.9606628417969,509300,0.0,0.0
2023-07-18 00:00:00-04:00,450.7200012207031,465.4200134277344,450.7200012207031,464.5,450.580810546875,586000,0.0,0.0
2023-07-19 00:00:00-04:00,460.6400146484375,469.3500061035156,456.3699951171875,460.489990234375,446.6908874511719,650900,0.0,0.0
2023-07-20 00:00:00-04:00,460.29998779296875,462.1300048828125,454.0799865722656,458.739990234375,444.9933776855469,625700,0.0,0.0
2023-07-21 00:00:00-04:00,461.3399963378906,462.0,450.04998779296875,450.42999267578125,436.932373046875,523900,0.0,0.0
2023-07-24 00:00:00-04:00,451.6499938964844,455.6000061035156,447.6600036621094,450.2099914550781,436.7189636230469,509700,0.0,0.0
2023-07-25 00:00:00-04:00,448.44000244140625,454.3900146484375,445.1400146484375,450.2200012207031,436.72869873046875,633000,0.0,0.0
2023-07-26 00:00:00-04:00,446.989990234375,452.2200012207031,441.260009765625,445.0,431.66510009765625,835000,0.0,0.0
2023-07-27 00:00:00-04:00,438.3599853515625,445.54998779296875,413.6000061035156,441.1199951171875,427.9013671875,1535300,0.0,0.0
2023-07-28 00:00:00-04:00,447.45001220703125,459.29998779296875,440.7099914550781,446.07000732421875,432.70306396484375,704900,0.0,0.0
2023-07-31 00:00:00-04:00,450.1300048828125,465.2799987792969,447.489990234375,464.67999267578125,450.7553405761719,770700,0.0,0.0
2023-08-01 00:00:00-04:00,463.32000732421875,477.69000244140625,460.7099914550781,474.0,459.79620361328125,847600,0.0,0.0
2023-08-02 00:00:00-04:00,468.9100036621094,475.44000244140625,465.04998779296875,468.1600036621094,454.13116455078125,841700,0.0,0.0
2023-08-03 00:00:00-04:00,464.0899963378906,465.7799987792969,452.1300048828125,465.0,451.0658874511719,645200,0.0,0.0
2023-08-04 00:00:00-04:00,467.0,470.1099853515625,461.6499938964844,465.80999755859375,451.8515319824219,516900,0.0,0.0
2023-08-07 00:00:00-04:00,471.75,492.2200012207031,471.75,486.55999755859375,471.9797668457031,1438600,0.0,0.0
2023-08-08 00:00:00-04:00,479.25,481.6000061035156,469.4599914550781,480.54998779296875,467.57208251953125,1094100,1.48,0.0
2023-08-09 00:00:00-04:00,480.6199951171875,484.1400146484375,476.5,478.7300109863281,465.8013000488281,768900,0.0,0.0
2023-08-10 00:00:00-04:00,480.1099853515625,489.0,475.9200134277344,482.30999755859375,469.2845458984375,997000,0.0,0.0
2023-08-11 00:00:00-04:00,481.30999755859375,488.9200134277344,480.3699951171875,488.20001220703125,475.0155334472656,596100,0.0,0.0
2023-08-14 00:00:00-04:00,484.8900146484375,489.489990234375,482.5799865722656,487.3800048828125,474.2176818847656,623200,0.0,0.0
2023-08-15 00:00:00-04:00,483.0,484.9800109863281,478.739990234375,481.54998779296875,468.5450744628906,743200,0.0,0.0
2023-08-16 00:00:00-04:00,481.42999267578125,491.6300048828125,463.489990234375,464.1199951171875,451.5857849121094,793400,0.0,0.0
2023-08-17 00:00:00-04:00,468.6400146484375,472.5,450.80999755859375,452.70001220703125,440.47418212890625,843500,0.0,0.0
2023-08-18 00:00:00-04:00,445.44000244140625,454.6099853515625,440.5400085449219,451.4100036621094,439.2191162109375,712300,0.0,0.0
2023-08-21 00:00:00-04:00,455.0,457.7900085449219,448.1499938964844,452.4800109863281,440.2601623535156,375500,0.0,0.0
2023-08-22 00:00:00-04:00,453.9100036621094,455.7099914550781,439.44000244140625,441.6300048828125,429.70318603515625,555900,0.0,0.0
2023-08-23 00:00:00-04:00,440.7200012207031,450.04998779296875,438.3999938964844,448.7799987792969,436.6601257324219,403200,0.0,0.0
2023-08-24 00:00:00-04:00,446.42999267578125,455.0,444.29998779296875,445.7099914550781,433.6729736328125,455800,0.0,0.0
2023-08-25 00:00:00-04:00,449.3699951171875,453.6300048828125,440.9700012207031,449.1199951171875,436.99090576171875,425400,0.0,0.0
2023-08-28 00:00:00-04:00,448.69000244140625,460.7900085449219,448.69000244140625,457.1000061035156,444.7554016113281,321900,0.0,0.0
2023-08-29 00:00:00-04:00,456.0,478.5299987792969,454.17999267578125,474.6000061035156,461.78277587890625,764600,0.0,0.0
2023-08-30 00:00:00-04:00,474.5199890136719,478.5199890136719,469.4200134277344,477.4100036621094,464.51690673828125,544500,0.0,0.0
2023-08-31 00:00:00-04:00,477.8399963378906,483.3299865722656,474.54998779296875,476.5400085449219,463.67041015625,635900,0.0,0.0
2023-09-01 00:00:00-04:00,483.9700012207031,492.3299865722656,482.55999755859375,491.1700134277344,477.9053039550781,645500,0.0,0.0
2023-09-05 00:00:00-04:00,487.0,491.0,470.5400085449219,470.6199951171875,457.9102478027344,684300,0.0,0.0
2023-09-06 00:00:00-04:00,472.4100036621094,483.2799987792969,467.42999267578125,475.05999755859375,462.2303466796875,479200,0.0,0.0
2023-09-07 00:00:00-04:00,469.1300048828125,472.0400085449219,457.4800109863281,467.30999755859375,454.689697265625,659500,0.0,0.0
2023-09-08 00:00:00-04:00,460.70001220703125,466.20001220703125,459.239990234375,463.7699890136719,451.2452697753906,392700,0.0,0.0
2023-09-11 00:00:00-04:00,469.5199890136719,470.3399963378906,456.5199890136719,458.67999267578125,446.2927551269531,476000,0.0,0.0
2023-09-12 00:00:00-04:00,456.32000732421875,465.010009765625,455.510009765625,457.1499938964844,444.80401611328125,422600,0.0,0.0
2023-09-13 00:00:00-04:00,453.92999267578125,457.4200134277344,443.0799865722656,447.3399963378906,435.25897216796875,569000,0.0,0.0
2023-09-14 00:00:00-04:00,453.8500061035156,459.7699890136719,446.7799987792969,453.32000732421875,441.0775146484375,581500,0.0,0.0
2023-09-15 00:00:00-04:00,453.1199951171875,454.8399963378906,446.5799865722656,452.010009765625,439.8028869628906,815200,0.0,0.0
2023-09-18 00:00:00-04:00,452.7699890136719,457.20001220703125,450.2699890136719,453.6199951171875,441.3693542480469,567700,0.0,0.0
2023-09-19 00:00:00-04:00,449.2900085449219,456.6700134277344,447.04998779296875,451.04998779296875,438.8687744140625,442000,0.0,0.0
2023-09-20 00:00:00-04:00,453.95001220703125,462.30999755859375,447.489990234375,448.0299987792969,435.93035888671875,622800,0.0,0.0
2023-09-21 00:00:00-04:00,444.0,444.239990234375,430.45001220703125,435.739990234375,423.9722900390625,883600,0.0,0.0
2023-09-22 00:00:00-04:00,434.739990234375,440.1600036621094,432.2900085449219,433.2900085449219,421.58843994140625,521300,0.0,0.0
2023-09-25 00:00:00-04:00,430.760009765625,444.2300109863281,430.760009765625,443.82000732421875,431.83404541015625,620200,0.0,0.0
2023-09-26 00:00:00-04:00,440.07000732421875,445.69000244140625,437.6600036621094,437.69000244140625,425.8695983886719,844300,0.0,0.0
2023-09-27 00:00:00-04:00,443.0,450.0,440.32000732421875,446.2200012207031,434.1692199707031,547000,0.0,0.0
2023-09-28 00:00:00-04:00,445.6300048828125,455.8900146484375,443.04998779296875,448.2200012207031,436.115234375,400900,0.0,0.0
2023-09-29 00:00:00-04:00,453.19000244140625,456.8599853515625,442.7200012207031,444.57000732421875,432.5637512207031,559900,0.0,0.0
2023-10-02 00:00:00-04:00,443.7799987792969,447.9100036621094,433.2900085449219,437.3699951171875,425.5582580566406,499100,0.0,0.0
2023-10-03 00:00:00-04:00,434.6300048828125,438.1099853515625,422.5,425.9599914550781,414.45635986328125,783900,0.0,0.0
2023-10-04 00:00:00-04:00,425.1600036621094,427.7300109863281,415.5899963378906,424.1499938964844,412.6952209472656,768600,0.0,0.0
2023-10-05 00:00:00-04:00,422.760009765625,426.3599853515625,416.0799865722656,420.92999267578125,409.5622253417969,541500,0.0,0.0
2023-10-06 00:00:00-04:00,419.0,437.20001220703125,417.44000244140625,433.29998779296875,421.59814453125,526800,0.0,0.0
2023-10-09 00:00:00-04:00,429.4700012207031,437.29998779296875,426.6700134277344,437.1400146484375,425.33447265625,337400,0.0,0.0
2023-10-10 00:00:00-04:00,440.20001220703125,454.20001220703125,438.510009765625,448.8699951171875,436.74761962890625,690100,0.0,0.0
2023-10-11 00:00:00-04:00,449.6099853515625,454.6700134277344,446.6199951171875,454.07000732421875,441.8072204589844,369500,0.0,0.0
2023-10-12 00:00:00-04:00,455.1099853515625,455.1099853515625,438.0799865722656,444.4599914550781,432.45672607421875,603500,0.0,0.0
2023-10-13 00:00:00-04:00,445.2699890136719,449.1099853515625,430.3500061035156,433.04998779296875,421.3548583984375,566300,0.0,0.0
2023-10-16 00:00:00-04:00,440.8900146484375,446.6000061035156,435.0,441.07000732421875,429.1582946777344,558500,0.0,0.0
2023-10-17 00:00:00-04:00,437.04998779296875,454.989990234375,436.6499938964844,453.0400085449219,440.8050231933594,621700,0.0,0.0
2023-10-18 00:00:00-04:00,442.1000061035156,443.5400085449219,424.6099853515625,429.3399963378906,417.7451171875,2882200,0.0,0.0
2023-10-19 00:00:00-04:00,427.8399963378906,432.7099914550781,411.1600036621094,411.19000244140625,400.08526611328125,1321900,0.0,0.0
2023-10-20 00:00:00-04:00,412.29998779296875,414.2300109863281,404.6700134277344,406.3999938964844,395.4246826171875,1018800,0.0,0.0
2023-10-23 00:00:00-04:00,407.0,415.2300109863281,402.69000244140625,408.8800048828125,397.8376770019531,734400,0.0,0.0
2023-10-24 00:00:00-04:00,411.8399963378906,413.1199951171875,403.1300048828125,406.3500061035156,395.3759460449219,804100,0.0,0.0
2023-10-25 00:00:00-04:00,406.67999267578125,407.739990234375,395.4599914550781,399.1499938964844,388.37042236328125,947700,0.0,0.0
2023-10-26 00:00:00-04:00,390.1000061035156,417.1300048828125,387.010009765625,403.7699890136719,392.8656005859375,1205500,0.0,0.0
2023-10-27 00:00:00-04:00,406.70001220703125,410.1300048828125,395.239990234375,399.0199890136719,388.243896484375,933700,0.0,0.0
2023-10-30 00:00:00-04:00,406.45001220703125,415.0,398.9700012207031,410.95001220703125,399.85174560546875,878900,0.0,0.0
2023-10-31 00:00:00-04:00,407.1600036621094,409.0899963378906,395.44000244140625,406.2699890136719,395.29815673828125,885100,0.0,0.0
2023-11-01 00:00:00-04:00,403.7900085449219,409.7099914550781,399.6199951171875,409.4800109863281,398.42144775390625,665100,0.0,0.0
2023-11-02 00:00:00-04:00,421.3399963378906,433.8699951171875,419.80999755859375,432.95001220703125,421.25762939453125,1014300,0.0,0.0
2023-11-03 00:00:00-04:00,441.94000244140625,457.0799865722656,441.0,451.510009765625,439.31634521484375,1105900,0.0,0.0
2023-11-06 00:00:00-05:00,454.3599853515625,455.510009765625,433.8399963378906,438.5400085449219,426.6966552734375,732900,0.0,0.0
2023-11-07 00:00:00-05:00,433.70001220703125,442.5299987792969,432.82000732421875,440.3599853515625,429.9183349609375,363600,1.48,0.0
2023-11-08 00:00:00-05:00,441.4700012207031,446.04998779296875,435.8299865722656,436.55999755859375,426.2085266113281,480100,0.0,0.0
2023-11-09 00:00:00-05:00,442.79998779296875,447.0299987792969,435.79998779296875,437.4800109863281,427.106689453125,436800,0.0,0.0
2023-11-10 00:00:00-05:00,442.6199951171875,457.6199951171875,440.1400146484375,456.5299987792969,445.70489501953125,765600,0.0,0.0
2023-11-13 00:00:00-05:00,455.8500061035156,465.19000244140625,453.2300109863281,462.5299987792969,451.5626525878906,738800,0.0,0.0
2023-11-14 00:00:00-05:00,477.92999267578125,487.3699951171875,476.260009765625,477.69000244140625,466.3632507324219,755000,0.0,0.0
2023-11-15 00:00:00-05:00,478.0,488.7300109863281,471.1600036621094,479.510009765625,468.1401062011719,1208800,0.0,0.0
2023-11-16 00:00:00-05:00,477.79998779296875,481.94000244140625,468.6099853515625,474.3599853515625,463.1121520996094,569000,0.0,0.0
2023-11-17 00:00:00-05:00,479.1700134277344,484.8500061035156,475.25,480.9800109863281,469.5752258300781,623500,0.0,0.0
2023-11-20 00:00:00-05:00,467.69000244140625,474.6300048828125,458.010009765625,471.79998779296875,460.61285400390625,861900,0.0,0.0
2023-11-21 00:00:00-05:00,470.0,470.510009765625,463.6700134277344,466.2300109863281,455.1749572753906,629700,0.0,0.0
2023-11-22 00:00:00-05:00,465.45001220703125,467.3399963378906,460.0,463.4200134277344,452.4316101074219,532100,0.0,0.0
2023-11-24 00:00:00-05:00,464.3999938964844,469.3500061035156,462.0299987792969,467.30999755859375,456.2293701171875,220700,0.0,0.0
2023-11-27 00:00:00-05:00,462.8800048828125,466.3500061035156,461.19000244140625,464.19000244140625,453.183349609375,474300,0.0,0.0
2023-11-28 00:00:00-05:00,462.25,465.2099914550781,454.7099914550781,455.8800048828125,445.0704040527344,459800,0.0,0.0
2023-11-29 00:00:00-05:00,461.7900085449219,480.67999267578125,461.5299987792969,476.2200012207031,464.9281005859375,861700,0.0,0.0
2023-11-30 00:00:00-05:00,479.1000061035156,481.3699951171875,473.5799865722656,476.0199890136719,464.7327880859375,754800,0.0,0.0
2023-12-01 00:00:00-05:00,478.75,505.1600036621094,477.739990234375,501.8299865722656,489.9308166503906,1127600,0.0,0.0
2023-12-04 00:00:00-05:00,495.05999755859375,497.1300048828125,485.80999755859375,490.0899963378906,478.4692077636719,1013100,0.0,0.0
2023-12-05 00:00:00-05:00,477.4200134277344,486.69000244140625,474.55999755859375,475.5,464.2251281738281,847600,0.0,0.0
2023-12-06 00:00:00-05:00,477.04998779296875,488.010009765625,475.42999267578125,476.44000244140625,465.1428527832031,495800,0.0,0.0
2023-12-07 00:00:00-05:00,477.19000244140625,485.0899963378906,475.5199890136719,484.0199890136719,472.54315185546875,424900,0.0,0.0
2023-12-08 00:00:00-05:00,483.80999755859375,498.9599914550781,483.4700012207031,495.05999755859375,483.3213806152344,556600,0.0,0.0
2023-12-11 00:00:00-05:00,491.7099914550781,505.8999938964844,491.6000061035156,505.1400146484375,493.162353515625,556600,0.0,0.0
2023-12-12 00:00:00-05:00,503.8999938964844,514.6799926757812,503.2300109863281,509.5799865722656,497.4970703125,551600,0.0,0.0
2023-12-13 00:00:00-05:00,511.7200012207031,534.510009765625,504.6499938964844,530.1599731445312,517.589111328125,864700,0.0,0.0
2023-12-14 00:00:00-05:00,540.5800170898438,571.0800170898438,537.8900146484375,569.4299926757812,555.927978515625,1408800,0.0,0.0
2023-12-15 00:00:00-05:00,564.2000122070312,581.0,562.5,571.739990234375,558.1831665039062,1486100,0.0,0.0
2023-12-18 00:00:00-05:00,577.1099853515625,577.1099853515625,562.8099975585938,568.22998046875,554.75634765625,845900,0.0,0.0
2023-12-19 00:00:00-05:00,573.97998046875,582.6300048828125,569.5,574.2000122070312,560.5848388671875,669200,0.0,0.0
2023-12-20 00:00:00-05:00,568.0,578.2000122070312,556.6199951171875,558.27001953125,545.032470703125,1272600,0.0,0.0
2023-12-21 00:00:00-05:00,568.0,571.4500122070312,563.0499877929688,570.9500122070312,557.411865234375,445700,0.0,0.0
2023-12-22 00:00:00-05:00,570.1699829101562,575.5,566.3699951171875,570.510009765625,556.9823608398438,363800,0.0,0.0
2023-12-26 00:00:00-05:00,573.1300048828125,585.5,572.0999755859375,580.469970703125,566.7061157226562,607200,0.0,0.0
2023-12-27 00:00:00-05:00,582.4099731445312,582.4099731445312,574.5,578.8599853515625,565.1343994140625,488400,0.0,0.0
2023-12-28 00:00:00-05:00,564.219970703125,581.5800170898438,563.030029296875,578.6900024414062,564.96826171875,268800,0.0,0.0
2023-12-29 00:00:00-05:00,580.2999877929688,582.989990234375,570.6300048828125,573.4199829101562,559.8233032226562,300500,0.0,0.0
2024-01-02 00:00:00-05:00,568.8099975585938,575.0800170898438,562.510009765625,567.0999755859375,553.653076171875,444000,0.0,0.0
2024-01-03 00:00:00-05:00,556.5800170898438,558.4299926757812,546.760009765625,547.1599731445312,534.1858520507812,828800,0.0,0.0
2024-01-04 00:00:00-05:00,549.0800170898438,558.260009765625,546.6799926757812,548.8599853515625,535.8455810546875,547800,0.0,0.0
2024-01-05 00:00:00-05:00,537.1900024414062,548.4600219726562,535.22998046875,541.3900146484375,528.5528564453125,670900,0.0,0.0
2024-01-08 00:00:00-05:00,538.6599731445312,551.77001953125,533.7000122070312,550.8300170898438,537.7689819335938,500500,0.0,0.0
2024-01-09 00:00:00-05:00,543.27001953125,548.5700073242188,539.22998046875,548.02001953125,535.0255737304688,435800,0.0,0.0
2024-01-10 00:00:00-05:00,548.969970703125,551.72998046875,543.1799926757812,549.6799926757812,536.6461791992188,372700,0.0,0.0
2024-01-11 00:00:00-05:00,549.6799926757812,552.8300170898438,536.8300170898438,551.7000122070312,538.6183471679688,567200,0.0,0.0
2024-01-12 00:00:00-05:00,558.0499877929688,560.75,551.3499755859375,559.1799926757812,545.9210815429688,512800,0.0,0.0
2024-01-16 00:00:00-05:00,552.0,566.3300170898438,551.9500122070312,561.1300048828125,547.8248901367188,524800,0.0,0.0
2024-01-17 00:00:00-05:00,554.6900024414062,561.3099975585938,545.1599731445312,550.3200073242188,537.2710571289062,635500,0.0,0.0
2024-01-18 00:00:00-05:00,557.010009765625,565.2100219726562,553.219970703125,563.3699951171875,550.0116577148438,553200,0.0,0.0
2024-01-19 00:00:00-05:00,566.8099975585938,572.3499755859375,555.3400268554688,572.030029296875,558.46630859375,651200,0.0,0.0
2024-01-22 00:00:00-05:00,575.8499755859375,585.9400024414062,574.4099731445312,578.8800048828125,565.15380859375,606900,0.0,0.0
2024-01-23 00:00:00-05:00,582.760009765625,584.9500122070312,574.0900268554688,578.0700073242188,564.363037109375,598500,0.0,0.0
2024-01-24 00:00:00-05:00,586.969970703125,591.6699829101562,576.25,576.9000244140625,563.2208862304688,959400,0.0,0.0
2024-01-25 00:00:00-05:00,608.8499755859375,658.510009765625,596.8400268554688,651.6400146484375,636.1885986328125,2662400,0.0,0.0
2024-01-26 00:00:00-05:00,653.0,653.2100219726562,629.2999877929688,630.75,615.7940063476562,1423700,0.0,0.0
2024-01-29 00:00:00-05:00,633.8300170898438,648.25,632.5800170898438,647.72998046875,632.3712768554688,597800,0.0,0.0
2024-01-30 00:00:00-05:00,642.0,653.25,642.0,642.97998046875,627.7340087890625,504800,0.0,0.0
2024-01-31 00:00:00-05:00,639.2000122070312,641.25,624.2000122070312,625.4000244140625,610.5709228515625,1012500,0.0,0.0
2024-02-01 00:00:00-05:00,635.9199829101562,646.760009765625,620.27001953125,645.3699951171875,630.0671997070312,646100,0.0,0.0
2024-02-02 00:00:00-05:00,640.9500122070312,658.6300048828125,639.8900146484375,654.2000122070312,638.6879272460938,491300,0.0,0.0
2024-02-05 00:00:00-05:00,649.219970703125,649.6500244140625,636.0700073242188,645.5700073242188,630.2625122070312,650200,0.0,0.0
2024-02-06 00:00:00-05:00,649.3300170898438,654.5399780273438,645.0,654.5399780273438,639.0198364257812,478400,0.0,0.0
2024-02-07 00:00:00-05:00,658.0599975585938,658.8599853515625,649.3499755859375,652.72998046875,637.2528076171875,403000,0.0,0.0
2024-02-08 00:00:00-05:00,651.77001953125,656.1199951171875,644.3499755859375,647.0,631.6586303710938,609600,0.0,0.0
2024-02-09 00:00:00-05:00,647.6500244140625,653.0800170898438,643.9299926757812,650.3499755859375,634.9290771484375,363400,0.0,0.0
2024-02-12 00:00:00-05:00,650.9600219726562,673.6799926757812,650.9600219726562,663.530029296875,647.796630859375,519100,0.0,0.0
2024-02-13 00:00:00-05:00,639.0499877929688,645.5700073242188,629.5800170898438,636.8800048828125,623.3096923828125,726800,1.63,0.0
2024-02-14 00:00:00-05:00,646.989990234375,657.989990234375,643.1500244140625,654.0399780273438,640.1041259765625,616000,0.0,0.0
2024-02-15 00:00:00-05:00,655.0499877929688,662.0599975585938,648.0,660.9600219726562,646.8766479492188,359300,0.0,0.0
2024-02-16 00:00:00-05:00,659.27001953125,660.469970703125,648.7100219726562,650.3099975585938,636.4536743164062,366600,0.0,0.0
2024-02-20 00:00:00-05:00,641.6500244140625,647.9199829101562,638.010009765625,643.9099731445312,630.1900024414062,466700,0.0,0.0
2024-02-21 00:00:00-05:00,639.1500244140625,649.2899780273438,637.97998046875,644.8900146484375,631.1492309570312,395000,0.0,0.0
2024-02-22 00:00:00-05:00,656.0599975585938,663.1599731445312,652.97998046875,658.7999877929688,644.7627563476562,369200,0.0,0.0
2024-02-23 00:00:00-05:00,663.0,665.4400024414062,658.0,658.22998046875,644.204833984375,373500,0.0,0.0
2024-02-26 00:00:00-05:00,659.3499755859375,674.6599731445312,659.0,670.7899780273438,656.497314453125,493700,0.0,0.0
2024-02-27 00:00:00-05:00,676.0,683.8400268554688,672.6599731445312,676.47998046875,662.0660400390625,485400,0.0,0.0
2024-02-28 00:00:00-05:00,673.5399780273438,688.6799926757812,671.2000122070312,686.1900024414062,671.5692138671875,462100,0.0,0.0
2024-02-29 00:00:00-05:00,691.989990234375,695.4199829101562,684.6699829101562,693.27001953125,678.4982299804688,618200,0.0,0.0
2024-03-01 00:00:00-05:00,693.4500122070312,702.6799926757812,690.8300170898438,700.5900268554688,685.662353515625,367100,0.0,0.0
2024-03-04 00:00:00-05:00,708.8800048828125,732.3699951171875,706.0,712.3099975585938,697.132568359375,555700,0.0,0.0
2024-03-05 00:00:00-05:00,700.0,704.760009765625,673.5599975585938,679.3699951171875,664.8944091796875,811200,0.0,0.0
2024-03-06 00:00:00-05:00,687.4199829101562,689.0900268554688,673.25,676.8099975585938,662.3889770507812,452700,0.0,0.0
2024-03-07 00:00:00-05:00,683.8599853515625,686.5499877929688,670.4600219726562,679.280029296875,664.806396484375,454500,0.0,0.0
2024-03-08 00:00:00-05:00,681.9299926757812,692.3099975585938,674.4099731445312,676.1400146484375,661.7332763671875,468600,0.0,0.0
2024-03-11 00:00:00-04:00,669.72998046875,669.72998046875,650.010009765625,664.2999877929688,650.1454467773438,552900,0.0,0.0
2024-03-12 00:00:00-04:00,670.8599853515625,678.3400268554688,662.1500244140625,675.489990234375,661.0971069335938,394100,0.0,0.0
2024-03-13 00:00:00-04:00,670.4099731445312,680.0,667.3300170898438,668.4299926757812,654.1875,615600,0.0,0.0
2024-03-14 00:00:00-04:00,676.0900268554688,683.8900146484375,668.760009765625,672.47998046875,658.1513061523438,736500,0.0,0.0
2024-03-15 00:00:00-04:00,667.2999877929688,681.6699829101562,665.0,675.5800170898438,661.185302734375,874600,0.0,0.0
2024-03-18 00:00:00-04:00,680.5999755859375,686.989990234375,673.2899780273438,683.6099853515625,669.0440063476562,357300,0.0,0.0
2024-03-19 00:00:00-04:00,680.1099853515625,695.489990234375,676.6900024414062,693.6199951171875,678.8408203125,459800,0.0,0.0
2024-03-20 00:00:00-04:00,691.510009765625,715.3699951171875,691.510009765625,709.3300170898438,694.2161254882812,1070600,0.0,0.0
2024-03-21 00:00:00-04:00,717.5900268554688,729.9099731445312,713.260009765625,719.0499877929688,703.7288818359375,591900,0.0,0.0
2024-03-22 00:00:00-04:00,724.280029296875,727.0,713.4500122070312,714.27001953125,699.0509033203125,445500,0.0,0.0
2024-03-25 00:00:00-04:00,711.0599975585938,715.989990234375,703.8400268554688,704.4400024414062,689.4303588867188,423900,0.0,0.0
2024-03-26 00:00:00-04:00,706.4600219726562,712.6400146484375,703.8599853515625,704.8099975585938,689.7923583984375,440200,0.0,0.0
2024-03-27 00:00:00-04:00,709.4000244140625,720.530029296875,706.4099731445312,720.1500244140625,704.8056030273438,257100,0.0,0.0
2024-03-28 00:00:00-04:00,720.4400024414062,724.9500122070312,717.1699829101562,721.1099853515625,705.7450561523438,440200,0.0,0.0
2024-04-01 00:00:00-04:00,721.1099853515625,722.3699951171875,709.4099731445312,710.1500244140625,695.0186767578125,339800,0.0,0.0
2024-04-02 00:00:00-04:00,700.0,701.25,688.2899780273438,691.7899780273438,677.0498046875,606600,0.0,0.0
2024-04-03 00:00:00-04:00,692.5900268554688,709.6799926757812,692.0,706.1400146484375,691.0940551757812,458900,0.0,0.0
2024-04-04 00:00:00-04:00,714.9500122070312,717.5,692.1799926757812,693.8300170898438,679.04638671875,347400,0.0,0.0
2024-04-05 00:00:00-04:00,695.77001953125,710.1400146484375,695.02001953125,706.8699951171875,691.8085327148438,275900,0.0,0.0
2024-04-08 00:00:00-04:00,709.5499877929688,715.0399780273438,702.6199951171875,702.9600219726562,687.9818115234375,414300,0.0,0.0
2024-04-09 00:00:00-04:00,705.0700073242188,708.3800048828125,681.4199829101562,696.760009765625,681.913818359375,380400,0.0,0.0
2024-04-10 00:00:00-04:00,679.3300170898438,691.9400024414062,675.4400024414062,682.1300048828125,667.5955810546875,482700,0.0,0.0
2024-04-11 00:00:00-04:00,681.4500122070312,686.9000244140625,673.1799926757812,685.6900024414062,671.079833984375,585200,0.0,0.0
2024-04-12 00:00:00-04:00,674.3499755859375,685.4299926757812,668.77001953125,674.8099975585938,660.4315795898438,594500,0.0,0.0
2024-04-15 00:00:00-04:00,688.1099853515625,690.989990234375,663.760009765625,666.739990234375,652.5335083007812,696700,0.0,0.0
2024-04-16 00:00:00-04:00,664.8900146484375,665.5,652.5999755859375,655.969970703125,641.9929809570312,585200,0.0,0.0
2024-04-17 00:00:00-04:00,655.1799926757812,658.3400268554688,632.2100219726562,636.219970703125,622.6637573242188,896000,0.0,0.0
2024-04-18 00:00:00-04:00,640.739990234375,648.9299926757812,631.77001953125,632.8800048828125,619.3949584960938,499200,0.0,0.0
2024-04-19 00:00:00-04:00,633.760009765625,641.6400146484375,624.010009765625,628.3400268554688,614.9517822265625,572700,0.0,0.0
2024-04-22 00:00:00-04:00,632.4500122070312,638.0700073242188,621.5599975585938,629.2999877929688,615.8911743164062,767100,0.0,0.0
2024-04-23 00:00:00-04:00,640.9400024414062,664.5399780273438,638.6500244140625,661.3200073242188,647.2289428710938,598200,0.0,0.0
2024-04-24 00:00:00-04:00,664.2000122070312,672.3900146484375,648.760009765625,655.1900024414062,641.2296752929688,641000,0.0,0.0
2024-04-25 00:00:00-04:00,680.0,694.9400024414062,643.5499877929688,690.9199829101562,676.1981811523438,1034000,0.0,0.0
2024-04-26 00:00:00-04:00,685.280029296875,693.4000244140625,678.780029296875,690.7999877929688,676.080810546875,581700,0.0,0.0
2024-04-29 00:00:00-04:00,697.97998046875,713.5900268554688,690.2100219726562,712.6900024414062,697.5044555664062,604600,0.0,0.0
2024-04-30 00:00:00-04:00,699.6300048828125,705.5999755859375,667.1900024414062,667.989990234375,653.7569580078125,1081600,0.0,0.0
2024-05-01 00:00:00-04:00,664.4099731445312,672.52001953125,649.260009765625,653.760009765625,639.8301391601562,584400,0.0,0.0
2024-05-02 00:00:00-04:00,663.219970703125,669.0499877929688,646.5999755859375,664.5700073242188,650.4098510742188,366800,0.0,0.0
2024-05-03 00:00:00-04:00,678.0800170898438,685.8900146484375,664.3300170898438,666.6599731445312,652.4552001953125,343300,0.0,0.0
2024-05-06 00:00:00-04:00,675.0,683.3400268554688,672.0399780273438,683.3400268554688,668.77978515625,348400,0.0,0.0
2024-05-07 00:00:00-04:00,684.280029296875,688.8300170898438,672.52001953125,674.27001953125,661.4810180664062,437500,1.63,0.0
2024-05-08 00:00:00-04:00,665.3099975585938,678.4600219726562,663.2000122070312,677.8400268554688,664.9832763671875,474000,0.0,0.0
2024-05-09 00:00:00-04:00,680.0,689.3200073242188,677.3400268554688,689.2100219726562,676.1376342773438,358500,0.0,0.0
2024-05-10 00:00:00-04:00,693.2000122070312,699.75,691.75,698.1300048828125,684.888427734375,352100,0.0,0.0
2024-05-13 00:00:00-04:00,703.7100219726562,712.7899780273438,696.239990234375,696.6699829101562,683.4559936523438,395100,0.0,0.0
2024-05-14 00:00:00-04:00,701.0,703.8400268554688,689.239990234375,694.469970703125,681.2977294921875,349800,0.0,0.0
2024-05-15 00:00:00-04:00,702.7999877929688,715.3400268554688,698.3499755859375,712.3699951171875,698.8582763671875,508800,0.0,0.0
2024-05-16 00:00:00-04:00,708.2999877929688,712.0,680.8800048828125,681.1400146484375,668.2206420898438,480400,0.0,0.0
2024-05-17 00:00:00-04:00,689.3900146484375,689.3900146484375,679.6799926757812,685.7899780273438,672.782470703125,362900,0.0,0.0
2024-05-20 00:00:00-04:00,686.530029296875,706.8099975585938,686.3300170898438,701.1300048828125,687.83154296875,344100,0.0,0.0
2024-05-21 00:00:00-04:00,698.9400024414062,700.8900146484375,690.0900268554688,694.5900268554688,681.4155883789062,276000,0.0,0.0
2024-05-22 00:00:00-04:00,690.9400024414062,692.280029296875,679.530029296875,682.5999755859375,669.6528930664062,280300,0.0,0.0
2024-05-23 00:00:00-04:00,690.0,690.0,660.780029296875,666.77001953125,654.123291015625,482000,0.0,0.0
2024-05-24 00:00:00-04:00,671.3400268554688,675.1500244140625,662.1199951171875,673.5499877929688,660.7745971679688,296100,0.0,0.0
2024-05-28 00:00:00-04:00,676.1500244140625,676.1500244140625,655.5999755859375,664.75,652.1416015625,395300,0.0,0.0
2024-05-29 00:00:00-04:00,656.4500122070312,657.9099731445312,644.530029296875,644.8900146484375,632.6582641601562,559500,0.0,0.0
2024-05-30 00:00:00-04:00,645.25,663.1500244140625,643.0,659.22998046875,646.7261352539062,415300,0.0,0.0
2024-05-31 00:00:00-04:00,661.2999877929688,670.1900024414062,650.0,669.4099731445312,656.7130737304688,859700,0.0,0.0
2024-06-03 00:00:00-04:00,675.0,675.0,625.4400024414062,637.510009765625,625.4181518554688,561000,0.0,0.0
2024-06-04 00:00:00-04:00,630.7999877929688,635.969970703125,617.6199951171875,631.2000122070312,619.2278442382812,821400,0.0,0.0
2024-06-05 00:00:00-04:00,634.3599853515625,643.489990234375,625.0599975585938,640.8699951171875,628.7144775390625,382200,0.0,0.0
2024-06-06 00:00:00-04:00,638.7899780273438,644.6199951171875,626.1599731445312,630.52001953125,618.5607299804688,504200,0.0,0.0
2024-06-07 00:00:00-04:00,630.8300170898438,647.8300170898438,626.260009765625,643.4000244140625,631.1964111328125,677000,0.0,0.0
2024-06-10 00:00:00-04:00,640.4199829101562,651.0,640.4199829101562,645.0999755859375,632.8641357421875,535200,0.0,0.0
2024-06-11 00:00:00-04:00,640.5,640.5,624.0700073242188,627.97998046875,616.0689086914062,750400,0.0,0.0
2024-06-12 00:00:00-04:00,650.0,668.3099975585938,623.3099975585938,625.1300048828125,613.27294921875,1111000,0.0,0.0
2024-06-13 00:00:00-04:00,622.5999755859375,628.47998046875,616.6199951171875,627.8300170898438,615.9218139648438,656900,0.0,0.0
2024-06-14 00:00:00-04:00,616.5,618.5,596.47998046875,616.2100219726562,604.5221557617188,709100,0.0,0.0
2024-06-17 00:00:00-04:00,615.010009765625,621.0,610.0,619.2899780273438,607.543701171875,859000,0.0,0.0
2024-06-18 00:00:00-04:00,615.6599731445312,646.4099731445312,607.4199829101562,644.8900146484375,632.6582641601562,1018000,0.0,0.0
2024-06-20 00:00:00-04:00,639.7899780273438,647.219970703125,630.5,639.219970703125,627.0956420898438,615700,0.0,0.0
2024-06-21 00:00:00-04:00,641.1099853515625,641.3599853515625,627.72998046875,640.780029296875,628.6260986328125,712800,0.0,0.0
2024-06-24 00:00:00-04:00,644.0,653.9000244140625,635.3900146484375,645.3699951171875,633.129150390625,364100,0.0,0.0
2024-06-25 00:00:00-04:00,644.47998046875,644.6699829101562,629.219970703125,640.4500122070312,628.3024291992188,435900,0.0,0.0
2024-06-26 00:00:00-04:00,636.5700073242188,636.5700073242188,624.0,629.8300170898438,617.8837890625,586900,0.0,0.0
2024-06-27 00:00:00-04:00,626.1500244140625,630.8200073242188,620.1199951171875,623.0399780273438,611.2227783203125,576200,0.0,0.0
2024-06-28 00:00:00-04:00,631.2100219726562,652.0900268554688,631.2100219726562,646.72998046875,634.4632568359375,820100,0.0,0.0
2024-07-01 00:00:00-04:00,649.0700073242188,649.0700073242188,629.4099731445312,640.8400268554688,628.6851196289062,507000,0.0,0.0
2024-07-02 00:00:00-04:00,635.7899780273438,647.5800170898438,634.6400146484375,645.8800048828125,633.6293334960938,446500,0.0,0.0
2024-07-03 00:00:00-04:00,649.3599853515625,660.3300170898438,642.780029296875,653.9500122070312,641.5463256835938,350700,0.0,0.0
2024-07-05 00:00:00-04:00,650.4500122070312,652.1799926757812,629.469970703125,633.9500122070312,621.9257202148438,530100,0.0,0.0
2024-07-08 00:00:00-04:00,638.0999755859375,645.0,628.5700073242188,637.4199829101562,625.329833984375,546900,0.0,0.0
2024-07-09 00:00:00-04:00,631.75,636.0599975585938,626.0,627.4099731445312,615.5097045898438,434700,0.0,0.0
2024-07-10 00:00:00-04:00,630.7899780273438,649.2100219726562,629.5599975585938,645.1900024414062,632.9525756835938,603200,0.0,0.0
2024-07-11 00:00:00-04:00,654.2000122070312,675.5800170898438,652.6699829101562,666.2899780273438,653.6522827148438,678800,0.0,0.0
2024-07-12 00:00:00-04:00,672.7000122070312,689.0,670.0,679.5800170898438,666.6902465820312,544800,0.0,0.0
2024-07-15 00:00:00-04:00,687.6599731445312,713.0700073242188,683.0,707.4099731445312,693.9923706054688,594300,0.0,0.0
2024-07-16 00:00:00-04:00,707.239990234375,743.239990234375,707.239990234375,743.010009765625,728.9171142578125,646900,0.0,0.0
2024-07-17 00:00:00-04:00,731.6500244140625,739.1300048828125,721.1099853515625,723.5900268554688,709.8655395507812,826300,0.0,0.0
2024-07-18 00:00:00-04:00,721.1400146484375,759.97998046875,720.0999755859375,728.4500122070312,714.63330078125,885000,0.0,0.0
2024-07-19 00:00:00-04:00,733.1799926757812,733.1799926757812,716.4199829101562,718.6400146484375,705.0093994140625,493300,0.0,0.0
2024-07-22 00:00:00-04:00,731.780029296875,738.3499755859375,715.0,738.3499755859375,724.3455810546875,520900,0.0,0.0
2024-07-23 00:00:00-04:00,731.739990234375,751.4099731445312,724.25,743.9400024414062,729.82958984375,596200,0.0,0.0
2024-07-24 00:00:00-04:00,740.280029296875,747.1599731445312,715.739990234375,715.8200073242188,702.2427978515625,1212400,0.0,0.0
2024-07-25 00:00:00-04:00,715.0,768.6199951171875,700.0,754.260009765625,739.9536743164062,1207900,0.0,0.0
2024-07-26 00:00:00-04:00,763.5900268554688,789.7999877929688,750.0700073242188,752.2100219726562,737.9425659179688,939600,0.0,0.0
2024-07-29 00:00:00-04:00,753.4199829101562,756.739990234375,740.2899780273438,744.8099975585938,730.6829833984375,394400,0.0,0.0
2024-07-30 00:00:00-04:00,744.469970703125,754.8200073242188,721.9099731445312,737.0800170898438,723.0994873046875,803200,0.0,0.0
2024-07-31 00:00:00-04:00,744.3400268554688,773.6099853515625,743.6400146484375,757.0999755859375,742.7398071289062,556700,0.0,0.0
2024-08-01 00:00:00-04:00,756.6300048828125,757.3400268554688,710.1799926757812,716.489990234375,702.900146484375,701300,0.0,0.0
2024-08-02 00:00:00-04:00,690.0,691.9500122070312,664.0599975585938,671.4299926757812,658.69482421875,1004200,0.0,0.0
2024-08-05 00:00:00-04:00,640.0,687.97998046875,634.2999877929688,668.6099853515625,655.92822265625,835900,0.0,0.0
2024-08-06 00:00:00-04:00,672.75,699.030029296875,663.7899780273438,681.719970703125,668.7896118164062,464800,0.0,0.0
2024-08-07 00:00:00-04:00,694.75,699.97998046875,660.8099975585938,661.5900268554688,649.0413818359375,516200,0.0,0.0
2024-08-08 00:00:00-04:00,674.4099731445312,691.5499877929688,665.8099975585938,689.260009765625,676.1866455078125,503800,0.0,0.0
2024-08-09 00:00:00-04:00,688.7899780273438,701.2899780273438,681.6799926757812,696.0999755859375,682.8967895507812,338700,0.0,0.0
2024-08-12 00:00:00-04:00,695.8300170898438,698.9099731445312,685.719970703125,688.27001953125,675.2154541015625,280200,0.0,0.0
2024-08-13 00:00:00-04:00,695.0,704.0999755859375,686.0,703.1099853515625,689.7738647460938,383200,0.0,0.0
2024-08-14 00:00:00-04:00,703.7100219726562,713.6699829101562,695.5800170898438,702.1900024414062,690.4720458984375,365800,1.63,0.0
2024-08-15 00:00:00-04:00,718.1799926757812,727.5599975585938,712.7999877929688,720.6400146484375,708.6141967773438,342300,0.0,0.0
2024-08-16 00:00:00-04:00,717.1300048828125,722.9400024414062,709.469970703125,714.469970703125,702.547119140625,310900,0.0,0.0
2024-08-19 00:00:00-04:00,716.0999755859375,721.3099975585938,709.3900146484375,719.9000244140625,707.8865966796875,303000,0.0,0.0
2024-08-20 00:00:00-04:00,720.0,724.3300170898438,710.0,716.239990234375,704.2875366210938,244700,0.0,0.0
2024-08-21 00:00:00-04:00,719.5,730.219970703125,717.2100219726562,724.75,712.6556396484375,206700,0.0,0.0
2024-08-22 00:00:00-04:00,725.5999755859375,726.0499877929688,711.1500244140625,717.0499877929688,705.0840454101562,259800,0.0,0.0
2024-08-23 00:00:00-04:00,721.22998046875,748.52001953125,721.22998046875,745.030029296875,732.5972290039062,283700,0.0,0.0
2024-08-26 00:00:00-04:00,750.0,757.8499755859375,741.3699951171875,743.3800048828125,730.9747314453125,285800,0.0,0.0
2024-08-27 00:00:00-04:00,737.8599853515625,742.7100219726562,733.7899780273438,736.4500122070312,724.160400390625,276400,0.0,0.0
2024-08-28 00:00:00-04:00,730.9299926757812,734.719970703125,723.7899780273438,727.72998046875,715.5859375,317900,0.0,0.0
2024-08-29 00:00:00-04:00,732.8200073242188,740.6400146484375,719.6500244140625,728.739990234375,716.5789794921875,276900,0.0,0.0
2024-08-30 00:00:00-04:00,734.6900024414062,741.5800170898438,724.1599731445312,741.260009765625,728.89013671875,338000,0.0,0.0
2024-09-03 00:00:00-04:00,727.97998046875,733.3200073242188,698.0399780273438,701.8499755859375,690.1376953125,503000,0.0,0.0
2024-09-04 00:00:00-04:00,701.4299926757812,708.25,697.0599975585938,700.5700073242188,688.8790283203125,401100,0.0,0.0
2024-09-05 00:00:00-04:00,699.3099975585938,700.5800170898438,683.6500244140625,697.52001953125,685.8799438476562,315600,0.0,0.0
2024-09-06 00:00:00-04:00,698.9000244140625,709.7999877929688,680.75,681.0999755859375,669.7339477539062,372200,0.0,0.0
2024-09-09 00:00:00-04:00,690.27001953125,698.8599853515625,689.0,695.9400024414062,684.3263549804688,491100,0.0,0.0
2024-09-10 00:00:00-04:00,700.8099975585938,704.1500244140625,691.010009765625,704.0700073242188,692.3206787109375,511800,0.0,0.0
2024-09-11 00:00:00-04:00,700.0,710.9099731445312,675.9199829101562,706.3599853515625,694.5723876953125,511600,0.0,0.0
2024-09-12 00:00:00-04:00,707.1900024414062,716.4500122070312,699.8200073242188,712.6300048828125,700.7378540039062,317200,0.0,0.0
2024-09-13 00:00:00-04:00,720.2899780273438,738.6099853515625,719.0,729.469970703125,717.2968139648438,393100,0.0,0.0
2024-09-16 00:00:00-04:00,733.8800048828125,742.6799926757812,728.27001953125,741.9600219726562,729.5784912109375,318200,0.0,0.0
2024-09-17 00:00:00-04:00,748.22998046875,771.6799926757812,744.5999755859375,771.260009765625,758.3894653320312,500000,0.0,0.0
2024-09-18 00:00:00-04:00,770.260009765625,801.3900146484375,765.0,773.2899780273438,760.3856201171875,614000,0.0,0.0
2024-09-19 00:00:00-04:00,795.0,797.52001953125,775.8499755859375,793.9400024414062,780.6909790039062,439100,0.0,0.0
2024-09-20 00:00:00-04:00,787.6300048828125,794.4199829101562,781.3300170898438,783.5999755859375,770.5234985351562,607500,0.0,0.0
2024-09-23 00:00:00-04:00,796.1300048828125,803.47998046875,788.1199951171875,798.9500122070312,785.6173095703125,335700,0.0,0.0
2024-09-24 00:00:00-04:00,804.719970703125,807.7899780273438,792.510009765625,802.260009765625,788.8721313476562,412000,0.0,0.0
2024-09-25 00:00:00-04:00,806.4500122070312,819.4099731445312,799.9000244140625,802.0499877929688,788.6656494140625,378500,0.0,0.0
2024-09-26 00:00:00-04:00,815.0,826.239990234375,797.8200073242188,802.6599731445312,789.2654418945312,734700,0.0,0.0
2024-09-27 00:00:00-04:00,810.0,818.5,805.1699829101562,814.0999755859375,800.5145263671875,383400,0.0,0.0
2024-09-30 00:00:00-04:00,805.0,810.0,796.3099975585938,809.72998046875,796.2174072265625,452900,0.0,0.0
2024-10-01 00:00:00-04:00,809.1300048828125,813.1400146484375,798.9099731445312,806.7899780273438,793.3265380859375,364300,0.0,0.0
2024-10-02 00:00:00-04:00,796.3499755859375,806.3099975585938,789.010009765625,796.030029296875,782.74609375,499600,0.0,0.0
2024-10-03 00:00:00-04:00,794.9299926757812,799.8200073242188,784.239990234375,789.1699829101562,776.00048828125,399800,0.0,0.0
2024-10-04 00:00:00-04:00,804.239990234375,804.239990234375,781.219970703125,789.52001953125,776.3448486328125,416900,0.0,0.0
2024-10-07 00:00:00-04:00,783.1500244140625,803.3800048828125,780.4199829101562,802.27001953125,788.8819580078125,590700,0.0,0.0
2024-10-08 00:00:00-04:00,802.0,806.6099853515625,794.0,799.7100219726562,786.3646850585938,441800,0.0,0.0
2024-10-09 00:00:00-04:00,801.4299926757812,814.0800170898438,797.4400024414062,813.510009765625,799.9343872070312,452300,0.0,0.0
2024-10-10 00:00:00-04:00,802.0900268554688,809.1799926757812,797.9199829101562,802.8300170898438,789.4326171875,319200,0.0,0.0
2024-10-11 00:00:00-04:00,805.3599853515625,821.9600219726562,805.3599853515625,819.0,805.3328247070312,484100,0.0,0.0
2024-10-14 00:00:00-04:00,819.0,840.5700073242188,816.4400024414062,838.0499877929688,824.0648803710938,439200,0.0,0.0
2024-10-15 00:00:00-04:00,831.8300170898438,844.9400024414062,831.2100219726562,833.6799926757812,819.7678833007812,432700,0.0,0.0
2024-10-16 00:00:00-04:00,839.030029296875,861.739990234375,835.9000244140625,846.0599975585938,831.9412231445312,345600,0.0,0.0
2024-10-17 00:00:00-04:00,849.8699951171875,850.0,836.97998046875,840.5399780273438,826.5133666992188,340700,0.0,0.0
2024-10-18 00:00:00-04:00,839.4400024414062,840.0,828.7100219726562,839.27001953125,825.2644653320312,341300,0.0,0.0
2024-10-21 00:00:00-04:00,839.47998046875,842.22998046875,828.3300170898438,832.530029296875,818.6370239257812,323200,0.0,0.0
2024-10-22 00:00:00-04:00,829.9099731445312,861.3300170898438,823.5,847.4600219726562,833.31787109375,1035400,0.0,0.0
2024-10-23 00:00:00-04:00,846.6799926757812,847.8900146484375,827.5499877929688,834.1799926757812,820.259521484375,657800,0.0,0.0
2024-10-24 00:00:00-04:00,835.6500244140625,840.0,808.8800048828125,824.989990234375,811.2227783203125,687500,0.0,0.0
2024-10-25 00:00:00-04:00,828.7000122070312,830.7100219726562,808.719970703125,812.5,798.9412231445312,460300,0.0,0.0
2024-10-28 00:00:00-04:00,819.3200073242188,831.280029296875,814.2100219726562,824.6500244140625,810.8884887695312,462100,0.0,0.0
2024-10-29 00:00:00-04:00,821.3800048828125,823.8499755859375,807.510009765625,812.4400024414062,798.8822021484375,440000,0.0,0.0
2024-10-30 00:00:00-04:00,807.5700073242188,822.219970703125,806.3400268554688,812.1199951171875,798.5675659179688,410400,0.0,0.0
2024-10-31 00:00:00-04:00,809.3300170898438,817.4000244140625,805.8599853515625,812.7999877929688,799.2361450195312,398600,0.0,0.0
2024-11-01 00:00:00-04:00,820.0,821.489990234375,792.9199829101562,793.469970703125,780.228759765625,741000,0.0,0.0
2024-11-04 00:00:00-05:00,790.5900268554688,801.6300048828125,779.6300048828125,785.989990234375,772.8735961914062,775300,0.0,0.0
2024-11-05 00:00:00-05:00,782.6400146484375,799.489990234375,780.719970703125,798.0,784.6832275390625,611800,0.0,0.0
2024-11-06 00:00:00-05:00,862.2100219726562,888.6199951171875,849.2999877929688,880.3200073242188,865.6295166015625,1651800,0.0,0.0
2024-11-07 00:00:00-05:00,878.75,879.3400268554688,858.6900024414062,862.4299926757812,848.0380249023438,554000,0.0,0.0
2024-11-08 00:00:00-05:00,863.0,882.260009765625,863.0,875.010009765625,860.4080810546875,468400,0.0,0.0
2024-11-11 00:00:00-05:00,885.0,896.97998046875,872.3300170898438,873.8800048828125,859.2969970703125,589300,0.0,0.0
2024-11-12 00:00:00-05:00,875.0,877.5999755859375,858.7100219726562,868.3599853515625,853.8690795898438,385300,0.0,0.0
2024-11-13 00:00:00-05:00,865.6900024414062,871.2100219726562,855.0,858.8300170898438,846.0863647460938,407900,1.63,0.0
2024-11-14 00:00:00-05:00,860.2999877929688,860.5499877929688,840.0,849.5999755859375,836.9932861328125,630100,0.0,0.0
2024-11-15 00:00:00-05:00,849.4600219726562,854.5,835.1099853515625,836.0,823.5950317382812,603100,0.0,0.0
2024-11-18 00:00:00-05:00,834.72998046875,841.2100219726562,829.02001953125,832.9400024414062,820.5804443359375,478800,0.0,0.0
2024-11-19 00:00:00-05:00,818.469970703125,829.7999877929688,818.469970703125,821.1599731445312,808.9752197265625,461600,0.0,0.0
2024-11-20 00:00:00-05:00,824.6699829101562,827.1300048828125,817.7899780273438,820.5499877929688,808.3743286132812,402100,0.0,0.0
2024-11-21 00:00:00-05:00,824.0,843.530029296875,819.010009765625,840.739990234375,828.2647094726562,711800,0.0,0.0
2024-11-22 00:00:00-05:00,849.030029296875,852.1300048828125,840.3099975585938,849.3200073242188,836.7174682617188,465600,0.0,0.0
2024-11-25 00:00:00-05:00,857.8099975585938,873.4199829101562,855.1400146484375,864.3900146484375,851.5637817382812,869000,0.0,0.0
2024-11-26 00:00:00-05:00,860.6400146484375,873.989990234375,852.5,873.1699829101562,860.2135009765625,368700,0.0,0.0
2024-11-27 00:00:00-05:00,878.4199829101562,881.1699829101562,856.1900024414062,856.97998046875,844.2637329101562,341000,0.0,0.0
2024-11-29 00:00:00-05:00,869.7899780273438,875.1500244140625,862.0,866.0,853.1498413085938,201400,0.0,0.0
2024-12-02 00:00:00-05:00,863.8800048828125,867.1599731445312,853.9600219726562,857.0499877929688,844.3327026367188,354000,0.0,0.0
2024-12-03 00:00:00-05:00,861.7999877929688,869.3599853515625,851.1400146484375,869.02001953125,856.1251220703125,479600,0.0,0.0
2024-12-04 00:00:00-05:00,866.030029296875,871.9400024414062,858.8599853515625,868.239990234375,855.3566284179688,455000,0.0,0.0
2024-12-05 00:00:00-05:00,866.4400024414062,866.4400024414062,853.4000244140625,854.989990234375,842.3033447265625,346900,0.0,0.0
2024-12-06 00:00:00-05:00,864.9600219726562,869.3300170898438,851.5499877929688,858.9199829101562,846.1749877929688,777500,0.0,0.0
2024-12-09 00:00:00-05:00,860.0,861.6799926757812,828.6099853515625,835.8900146484375,823.48681640625,462500,0.0,0.0
2024-12-10 00:00:00-05:00,797.4000244140625,808.6199951171875,782.5599975585938,796.02001953125,784.208251953125,966800,0.0,0.0
2024-12-11 00:00:00-05:00,808.0,815.0,793.8499755859375,796.969970703125,785.1441650390625,556500,0.0,0.0
2024-12-12 00:00:00-05:00,798.469970703125,801.1300048828125,783.5999755859375,786.5900268554688,774.918212890625,412300,0.0,0.0
2024-12-13 00:00:00-05:00,786.5499877929688,788.0599975585938,774.280029296875,778.8200073242188,767.2636108398438,384300,0.0,0.0
2024-12-16 00:00:00-05:00,780.0800170898438,788.4199829101562,764.4500122070312,764.9000244140625,753.5501098632812,711000,0.0,0.0
2024-12-17 00:00:00-05:00,759.1199951171875,762.280029296875,751.6699829101562,758.3900146484375,747.1367797851562,480500,0.0,0.0
2024-12-18 00:00:00-05:00,760.6400146484375,763.0700073242188,722.97998046875,724.1500244140625,713.40478515625,584500,0.0,0.0
2024-12-19 00:00:00-05:00,735.5700073242188,739.97998046875,709.9199829101562,710.9400024414062,700.3906860351562,730700,0.0,0.0
2024-12-20 00:00:00-05:00,704.489990234375,732.3699951171875,700.47998046875,722.6400146484375,711.9171142578125,1214100,0.0,0.0
2024-12-23 00:00:00-05:00,722.5,725.719970703125,712.4099731445312,719.5999755859375,708.9222412109375,375400,0.0,0.0
2024-12-24 00:00:00-05:00,720.5399780273438,727.4199829101562,717.760009765625,727.4199829101562,716.626220703125,137700,0.0,0.0
2024-12-26 00:00:00-05:00,722.4500122070312,729.0499877929688,719.1599731445312,726.1099853515625,715.335693359375,223100,0.0,0.0
2024-12-27 00:00:00-05:00,718.5700073242188,726.3200073242188,709.5800170898438,716.5399780273438,705.9075927734375,280500,0.0,0.0
2024-12-30 00:00:00-05:00,710.6199951171875,711.0,696.1699829101562,705.989990234375,695.5142211914062,490400,0.0,0.0
2024-12-31 00:00:00-05:00,706.7899780273438,711.25,700.8599853515625,704.4400024414062,693.9873046875,363400,0.0,0.0
2025-01-02 00:00:00-05:00,710.6900024414062,713.219970703125,686.6799926757812,689.8300170898438,679.593994140625,729100,0.0,0.0
2025-01-03 00:00:00-05:00,693.9000244140625,696.5599975585938,687.0,695.3099975585938,684.99267578125,528700,0.0,0.0
2025-01-06 00:00:00-05:00,701.02001953125,705.0,683.010009765625,684.0,673.8505249023438,731200,0.0,0.0
2025-01-07 00:00:00-05:00,686.0,689.8400268554688,677.3300170898438,685.4099731445312,675.239501953125,667000,0.0,0.0
2025-01-08 00:00:00-05:00,681.0,681.6699829101562,668.27001953125,670.0,660.0582885742188,697600,0.0,0.0
2025-01-10 00:00:00-05:00,654.0399780273438,678.6099853515625,654.0399780273438,670.9400024414062,660.9843139648438,697900,0.0,0.0
2025-01-13 00:00:00-05:00,667.0,689.1500244140625,666.1699829101562,689.1500244140625,678.924072265625,754900,0.0,0.0
2025-01-14 00:00:00-05:00,727.0,730.9199829101562,710.5900268554688,729.8599853515625,719.0299682617188,942200,0.0,0.0
2025-01-15 00:00:00-05:00,750.77001953125,754.8800048828125,734.510009765625,741.489990234375,730.4874267578125,934400,0.0,0.0
2025-01-16 00:00:00-05:00,741.0900268554688,758.8800048828125,738.0,757.4199829101562,746.1810913085938,796500,0.0,0.0
2025-01-17 00:00:00-05:00,763.7899780273438,779.4199829101562,762.510009765625,771.0,759.5595703125,897100,0.0,0.0
2025-01-21 00:00:00-05:00,780.0,790.0,779.2100219726562,789.0,777.2924194335938,851100,0.0,0.0
2025-01-22 00:00:00-05:00,790.0,790.0499877929688,778.0,782.530029296875,770.9185791015625,591100,0.0,0.0
2025-01-23 00:00:00-05:00,786.6599731445312,795.2999877929688,779.8200073242188,788.5700073242188,776.868896484375,574200,0.0,0.0
2025-01-24 00:00:00-05:00,785.7999877929688,790.739990234375,783.1900024414062,789.5599975585938,777.8441772460938,339300,0.0,0.0
2025-01-27 00:00:00-05:00,775.3499755859375,777.280029296875,763.1199951171875,769.9099731445312,758.4857788085938,811300,0.0,0.0
2025-01-28 00:00:00-05:00,773.8699951171875,773.8699951171875,761.6500244140625,766.9500122070312,755.5696411132812,441800,0.0,0.0
2025-01-29 00:00:00-05:00,758.3400268554688,770.8599853515625,755.1500244140625,758.3900146484375,747.1367797851562,564800,0.0,0.0
2025-01-30 00:00:00-05:00,766.0,782.9500122070312,747.1199951171875,774.0800170898438,762.5938720703125,1100900,0.0,0.0
2025-01-31 00:00:00-05:00,781.6099853515625,781.6099853515625,749.2100219726562,758.0599975585938,746.8115844726562,951400,0.0,0.0
2025-02-03 00:00:00-05:00,738.8900146484375,753.280029296875,735.7999877929688,738.2100219726562,727.2561645507812,654900,0.0,0.0
2025-02-04 00:00:00-05:00,753.75,760.3599853515625,744.219970703125,753.489990234375,742.3093872070312,541600,0.0,0.0
2025-02-05 00:00:00-05:00,758.0,758.0,733.5599975585938,738.1799926757812,727.2265625,1033300,0.0,0.0
2025-02-06 00:00:00-05:00,743.3499755859375,758.72998046875,741.010009765625,749.4400024414062,738.3194580078125,395800,0.0,0.0
2025-02-07 00:00:00-05:00,750.8499755859375,755.2899780273438,739.469970703125,740.7000122070312,729.7091674804688,330300,0.0,0.0
2025-02-10 00:00:00-05:00,749.1900024414062,753.6699829101562,743.3499755859375,747.2999877929688,736.2112426757812,346000,0.0,0.0
2025-02-11 00:00:00-05:00,744.0,756.760009765625,744.0,752.989990234375,741.8167724609375,306500,0.0,0.0
2025-02-12 00:00:00-05:00,739.75,742.9199829101562,720.3400268554688,734.489990234375,725.3156127929688,479600,1.79,0.0
2025-02-13 00:00:00-05:00,734.7999877929688,749.239990234375,726.2000122070312,729.3699951171875,720.2595825195312,495400,0.0,0.0
2025-02-14 00:00:00-05:00,731.6300048828125,744.1599731445312,731.6300048828125,741.260009765625,732.0010375976562,416000,0.0,0.0
2025-02-18 00:00:00-05:00,727.0,728.989990234375,709.3499755859375,720.3499755859375,711.3521118164062,899800,0.0,0.0
2025-02-19 00:00:00-05:00,709.260009765625,714.2899780273438,699.7999877929688,709.3099975585938,700.4500122070312,637400,0.0,0.0
2025-02-20 00:00:00-05:00,708.4199829101562,710.2899780273438,691.1199951171875,694.77001953125,686.0916748046875,508300,0.0,0.0
2025-02-21 00:00:00-05:00,696.2000122070312,697.6500244140625,650.2999877929688,657.2899780273438,649.079833984375,1067500,0.0,0.0
2025-02-24 00:00:00-05:00,660.25,661.1799926757812,628.8200073242188,632.0,624.105712890625,1286600,0.0,0.0
2025-02-25 00:00:00-05:00,633.0,644.4099731445312,618.6300048828125,638.6199951171875,630.64306640625,1130100,0.0,0.0
2025-02-26 00:00:00-05:00,647.280029296875,654.7000122070312,639.489990234375,642.969970703125,634.938720703125,609200,0.0,0.0
2025-02-27 00:00:00-05:00,642.1699829101562,655.9099731445312,632.739990234375,633.1699829101562,625.2611083984375,479600,0.0,0.0
2025-02-28 00:00:00-05:00,635.5,643.719970703125,627.760009765625,642.3200073242188,634.2969360351562,694800,0.0,0.0
2025-03-03 00:00:00-05:00,647.0,650.5700073242188,616.25,617.52001953125,609.806640625,697000,0.0,0.0
2025-03-04 00:00:00-05:00,600.3699951171875,611.9199829101562,585.27001953125,597.9099731445312,590.4415283203125,1089400,0.0,0.0
2025-03-05 00:00:00-05:00,600.75,636.2000122070312,600.1400146484375,633.8900146484375,625.9720458984375,1201100,0.0,0.0
2025-03-06 00:00:00-05:00,624.9299926757812,635.3499755859375,613.4400024414062,625.8800048828125,618.0621948242188,1126200,0.0,0.0
2025-03-07 00:00:00-05:00,623.5999755859375,630.8800048828125,612.1099853515625,628.760009765625,620.90625,1000700,0.0,0.0
2025-03-10 00:00:00-04:00,615.75,620.52001953125,594.02001953125,599.75,592.258544921875,929600,0.0,0.0
2025-03-11 00:00:00-04:00,597.530029296875,608.989990234375,597.530029296875,600.760009765625,593.2559204101562,684100,0.0,0.0
2025-03-12 00:00:00-04:00,610.0800170898438,617.1599731445312,597.75,609.3499755859375,601.7386474609375,658000,0.0,0.0
2025-03-13 00:00:00-04:00,609.27001953125,615.5900268554688,588.8400268554688,594.1699829101562,586.7482299804688,689900,0.0,0.0
2025-03-14 00:00:00-04:00,607.0999755859375,625.6300048828125,603.5999755859375,622.9199829101562,615.1392211914062,823400,0.0,0.0
2025-03-17 00:00:00-04:00,616.969970703125,627.7100219726562,615.6300048828125,620.7100219726562,612.956787109375,568100,0.0,0.0
2025-03-18 00:00:00-04:00,616.9299926757812,618.0700073242188,604.280029296875,609.0599975585938,601.4523315429688,452400,0.0,0.0
2025-03-19 00:00:00-04:00,609.010009765625,632.0599975585938,609.010009765625,626.9400024414062,619.1090087890625,524500,0.0,0.0
2025-03-20 00:00:00-04:00,619.72998046875,636.969970703125,616.9000244140625,630.6900024414062,622.8120727539062,555300,0.0,0.0
2025-03-21 00:00:00-04:00,621.3200073242188,630.47998046875,611.3599853515625,628.1599731445312,620.3136596679688,766900,0.0,0.0
2025-03-24 00:00:00-04:00,640.8599853515625,652.0,639.8200073242188,647.0800170898438,638.9973754882812,614900,0.0,0.0
2025-03-25 00:00:00-04:00,653.1799926757812,657.2999877929688,646.0399780273438,653.3900146484375,645.2285766601562,693800,0.0,0.0
2025-03-26 00:00:00-04:00,653.6199951171875,659.739990234375,635.8099975585938,641.5999755859375,633.5858154296875,458700,0.0,0.0
2025-03-27 00:00:00-04:00,637.8200073242188,652.1900024414062,628.7899780273438,645.9199829101562,637.8517456054688,427700,0.0,0.0
2025-03-28 00:00:00-04:00,641.280029296875,642.97998046875,620.3900146484375,627.6500244140625,619.8101806640625,401000,0.0,0.0
2025-03-31 00:00:00-04:00,614.1500244140625,628.72998046875,597.4199829101562,626.7000122070312,618.8719482421875,781700,0.0,0.0
2025-04-01 00:00:00-04:00,620.6300048828125,632.8499755859375,612.8699951171875,631.989990234375,624.0958251953125,559800,0.0,0.0
2025-04-02 00:00:00-04:00,618.7000122070312,647.5800170898438,616.47998046875,646.1699829101562,638.0986938476562,512000,0.0,0.0
2025-04-03 00:00:00-04:00,604.1699829101562,610.0,587.9000244140625,591.1699829101562,583.7857055664062,760600,0.0,0.0
2025-04-04 00:00:00-04:00,572.5,583.3099975585938,544.3200073242188,564.5700073242188,557.51806640625,1180700,0.0,0.0
2025-04-07 00:00:00-04:00,542.3200073242188,586.0999755859375,525.9099731445312,560.7899780273438,553.7852172851562,1182800,0.0,0.0
2025-04-08 00:00:00-04:00,583.2000122070312,597.6799926757812,541.3200073242188,551.9400024414062,545.0457763671875,903300,0.0,0.0
2025-04-09 00:00:00-04:00,537.2999877929688,617.010009765625,533.4500122070312,611.1199951171875,603.4865112304688,2342700,0.0,0.0
2025-04-10 00:00:00-04:00,596.52001953125,599.1199951171875,559.5800170898438,579.9400024414062,572.696044921875,1104400,0.0,0.0
2025-04-11 00:00:00-04:00,574.9199829101562,588.47998046875,565.6099853515625,582.9000244140625,575.6190185546875,769100,0.0,0.0
2025-04-14 00:00:00-04:00,594.969970703125,600.9600219726562,578.3200073242188,596.8300170898438,589.3751220703125,998900,0.0,0.0
2025-04-15 00:00:00-04:00,596.8300170898438,607.7100219726562,595.0,597.1799926757812,589.7206420898438,530800,0.0,0.0
2025-04-16 00:00:00-04:00,593.9099731445312,599.469970703125,575.510009765625,585.22998046875,577.9198608398438,592100,0.0,0.0
2025-04-17 00:00:00-04:00,586.8800048828125,597.77001953125,585.260009765625,591.5,584.1116333007812,367800,0.0,0.0
2025-04-21 00:00:00-04:00,583.6300048828125,588.3400268554688,562.0,570.5999755859375,563.47265625,489900,0.0,0.0
2025-04-22 00:00:00-04:00,575.510009765625,579.4199829101562,557.0499877929688,574.760009765625,567.5806884765625,825200,0.0,0.0
2025-04-23 00:00:00-04:00,601.3699951171875,614.9099731445312,588.3499755859375,589.2100219726562,581.8502807617188,885100,0.0,0.0
2025-04-24 00:00:00-04:00,613.9600219726562,657.0,605.4299926757812,647.3599853515625,639.2738037109375,1534800,0.0,0.0
2025-04-25 00:00:00-04:00,641.0599975585938,648.9000244140625,627.0599975585938,633.5999755859375,625.6857299804688,812400,0.0,0.0
2025-04-28 00:00:00-04:00,633.739990234375,644.1400146484375,622.72998046875,629.1799926757812,621.3209838867188,575500,0.0,0.0
2025-04-29 00:00:00-04:00,628.0,632.0900268554688,621.6400146484375,630.1799926757812,622.3085327148438,479900,0.0,0.0
2025-04-30 00:00:00-04:00,619.5900268554688,634.0900268554688,611.9299926757812,631.4500122070312,623.5625610351562,570600,0.0,0.0
2025-05-01 00:00:00-04:00,632.25,655.489990234375,632.25,640.5999755859375,632.5983276367188,690100,0.0,0.0
2025-05-02 00:00:00-04:00,651.8400268554688,671.5399780273438,648.8200073242188,665.4000244140625,657.088623046875,884200,0.0,0.0
2025-05-05 00:00:00-04:00,656.1199951171875,672.260009765625,656.1199951171875,657.72998046875,649.5143432617188,721200,0.0,0.0
2025-05-06 00:00:00-04:00,648.3499755859375,656.9600219726562,645.1799926757812,651.6500244140625,643.5103149414062,593000,0.0,0.0
2025-05-07 00:00:00-04:00,654.75,659.72998046875,647.0499877929688,651.75,643.6090698242188,505400,0.0,0.0
2025-05-08 00:00:00-04:00,665.969970703125,676.9299926757812,656.9500122070312,670.0,661.631103515625,671200,0.0,0.0
2025-05-09 00:00:00-04:00,667.7100219726562,676.47998046875,666.9500122070312,672.4000244140625,664.0010986328125,599000,0.0,0.0
2025-05-12 00:00:00-04:00,710.4400024414062,723.0399780273438,698.3300170898438,711.8300170898438,702.9385986328125,1002700,0.0,0.0
2025-05-13 00:00:00-04:00,717.1599731445312,732.0,715.3400268554688,721.9500122070312,712.9321899414062,698200,0.0,0.0
2025-05-14 00:00:00-04:00,720.1599731445312,723.0,708.8099975585938,713.3499755859375,706.1904907226562,444600,1.79,0.0
2025-05-15 00:00:00-04:00,709.219970703125,717.27001953125,704.3200073242188,713.3200073242188,706.1608276367188,608600,0.0,0.0
2025-05-16 00:00:00-04:00,717.72998046875,729.3400268554688,712.25,725.6699829101562,718.3868408203125,477700,0.0,0.0
2025-05-19 00:00:00-04:00,709.4600219726562,726.260009765625,707.510009765625,723.97998046875,716.7138061523438,381500,0.0,0.0
2025-05-20 00:00:00-04:00,718.0999755859375,723.9099731445312,712.1500244140625,715.469970703125,708.2891845703125,335900,0.0,0.0
2025-05-21 00:00:00-04:00,706.0800170898438,713.4000244140625,694.2999877929688,695.7999877929688,688.8167114257812,488000,0.0,0.0
2025-05-22 00:00:00-04:00,701.8499755859375,706.989990234375,694.1199951171875,703.6599731445312,696.5977783203125,424100,0.0,0.0
2025-05-23 00:00:00-04:00,687.510009765625,704.7899780273438,687.510009765625,700.0999755859375,693.073486328125,333200,0.0,0.0
2025-05-27 00:00:00-04:00,713.8400268554688,720.0,704.8200073242188,717.5599975585938,710.3583374023438,403700,0.0,0.0
2025-05-28 00:00:00-04:00,720.2000122070312,722.8300170898438,710.530029296875,712.1400146484375,704.99267578125,273900,0.0,0.0
2025-05-29 00:00:00-04:00,719.219970703125,719.47998046875,708.5900268554688,714.97998046875,707.80419921875,355300,0.0,0.0
2025-05-30 00:00:00-04:00,704.6300048828125,714.4500122070312,700.4400024414062,708.3800048828125,701.2703857421875,729800,0.0,0.0
2025-06-02 00:00:00-04:00,709.4000244140625,709.4400024414062,681.97998046875,691.1500244140625,684.21337890625,571200,0.0,0.0
2025-06-03 00:00:00-04:00,700.530029296875,704.3099975585938,693.4500122070312,702.8900146484375,695.8355102539062,334000,0.0,0.0
2025-06-04 00:00:00-04:00,706.3699951171875,708.6300048828125,696.5700073242188,696.5700073242188,689.578857421875,266800,0.0,0.0
2025-06-05 00:00:00-04:00,696.5900268554688,704.3699951171875,692.0,699.1799926757812,692.1626586914062,255600,0.0,0.0
2025-06-06 00:00:00-04:00,709.6900024414062,712.3599853515625,703.5,706.6500244140625,699.5578002929688,302200,0.0,0.0
2025-06-09 00:00:00-04:00,712.4199829101562,713.760009765625,706.5700073242188,707.2100219726562,700.1121215820312,262700,0.0,0.0
2025-06-10 00:00:00-04:00,708.6300048828125,716.0599975585938,702.4000244140625,715.739990234375,708.5565185546875,441600,0.0,0.0
2025-06-11 00:00:00-04:00,717.9500122070312,723.260009765625,713.6300048828125,719.9500122070312,712.7243041992188,529200,0.0,0.0
2025-06-12 00:00:00-04:00,710.2000122070312,717.6400146484375,704.510009765625,716.9199829101562,709.724609375,376600,0.0,0.0
2025-06-13 00:00:00-04:00,700.0,705.8599853515625,691.719970703125,694.8400268554688,687.8662719726562,468400,0.0,0.0
2025-06-16 00:00:00-04:00,702.7000122070312,707.030029296875,682.0800170898438,688.3800048828125,681.4711303710938,625500,0.0,0.0
2025-06-17 00:00:00-04:00,685.0399780273438,712.75,685.0399780273438,694.989990234375,688.0147705078125,627200,0.0,0.0
2025-06-18 00:00:00-04:00,695.4099731445312,708.9299926757812,692.7000122070312,698.6699829101562,691.6578369140625,373000,0.0,0.0
2025-06-20 00:00:00-04:00,704.2899780273438,712.030029296875,701.5900268554688,705.4000244140625,698.3203125,714700,0.0,0.0
2025-06-23 00:00:00-04:00,701.780029296875,716.72998046875,693.780029296875,716.5700073242188,709.378173828125,334100,0.0,0.0
2025-06-24 00:00:00-04:00,725.0,743.760009765625,718.9000244140625,740.77001953125,733.3353881835938,680000,0.0,0.0
2025-06-25 00:00:00-04:00,743.6599731445312,748.0700073242188,735.8800048828125,736.1799926757812,728.7913818359375,504000,0.0,0.0
2025-06-26 00:00:00-04:00,740.0,744.27001953125,728.0599975585938,742.0700073242188,734.6222534179688,519400,0.0,0.0
2025-06-27 00:00:00-04:00,749.7000122070312,758.3300170898438,745.010009765625,752.6199951171875,745.06640625,924500,0.0,0.0
2025-06-30 00:00:00-04:00,756.3200073242188,757.0,750.2999877929688,753.4000244140625,745.8385009765625,406300,0.0,0.0
2025-07-01 00:00:00-04:00,752.97998046875,781.97998046875,745.0399780273438,774.1400146484375,766.3704223632812,628500,0.0,0.0
2025-07-02 00:00:00-04:00,776.3300170898438,788.0,773.0399780273438,787.7899780273438,779.8833618164062,661400,0.0,0.0
2025-07-03 00:00:00-04:00,788.0,794.530029296875,786.7000122070312,792.5,784.5460815429688,342900,0.0,0.0
2025-07-07 00:00:00-04:00,788.0700073242188,793.760009765625,777.22998046875,783.9400024414062,776.0720825195312,602500,0.0,0.0
2025-07-08 00:00:00-04:00,784.8099975585938,803.510009765625,783.3300170898438,791.47998046875,783.536376953125,598300,0.0,0.0
2025-07-09 00:00:00-04:00,800.0,806.4500122070312,791.8599853515625,803.989990234375,795.9207763671875,378800,0.0,0.0
2025-07-10 00:00:00-04:00,808.0,826.4600219726562,806.5,819.739990234375,811.5127563476562,581600,0.0,0.0
2025-07-11 00:00:00-04:00,811.6500244140625,817.4099731445312,808.1599731445312,814.280029296875,806.1075439453125,604000,0.0,0.0
2025-07-14 00:00:00-04:00,809.77001953125,815.2899780273438,802.4400024414062,808.6699829101562,800.5537719726562,556200,0.0,0.0
2025-07-15 00:00:00-04:00,812.5700073242188,815.0,798.1699829101562,798.1699829101562,790.1591796875,776500,0.0,0.0
2025-07-16 00:00:00-04:00,800.0,803.4600219726562,778.2999877929688,798.469970703125,790.4561767578125,549100,0.0,0.0
2025-07-17 00:00:00-04:00,801.0,818.719970703125,798.9600219726562,816.8099975585938,808.6121826171875,805000,0.0,0.0
2025-07-18 00:00:00-04:00,820.239990234375,821.9099731445312,804.5900268554688,808.0499877929688,799.9400634765625,390200,0.0,0.0
2025-07-21 00:00:00-04:00,815.9000244140625,815.9000244140625,777.989990234375,778.02001953125,770.21142578125,721500,0.0,0.0
2025-07-22 00:00:00-04:00,779.9400024414062,795.5499877929688,777.4500122070312,791.0399780273438,783.1007690429688,839000,0.0,0.0
2025-07-23 00:00:00-04:00,799.52001953125,808.25,796.3099975585938,803.25,795.188232421875,726400,0.0,0.0
2025-07-24 00:00:00-04:00,829.219970703125,875.510009765625,816.1300048828125,875.25,866.4656372070312,1594300,0.0,0.0
2025-07-25 00:00:00-04:00,873.3499755859375,890.0,862.9600219726562,890.0,881.0675659179688,872800,0.0,0.0
2025-07-28 00:00:00-04:00,890.0,903.6099853515625,885.8900146484375,899.4600219726562,890.4326782226562,806500,0.0,0.0
2025-07-29 00:00:00-04:00,903.0,903.4400024414062,879.2000122070312,882.239990234375,873.3854370117188,751700,0.0,0.0
2025-07-30 00:00:00-04:00,885.0,889.8400268554688,873.7999877929688,880.4199829101562,871.583740234375,533300,0.0,0.0
2025-07-31 00:00:00-04:00,872.6599731445312,886.6199951171875,872.3499755859375,882.9400024414062,874.0784912109375,450900,0.0,0.0
2025-08-01 00:00:00-04:00,860.8800048828125,862.719970703125,842.1799926757812,859.6199951171875,850.9924926757812,655400,0.0,0.0
2025-08-04 00:00:00-04:00,862.0399780273438,870.9600219726562,853.5499877929688,868.5700073242188,859.8527221679688,457000,0.0,0.0
2025-08-05 00:00:00-04:00,871.2000122070312,879.5900268554688,853.7999877929688,867.0800170898438,858.3776245117188,371500,0.0,0.0
2025-08-06 00:00:00-04:00,869.2899780273438,869.47998046875,854.0,861.260009765625,852.6161499023438,435800,0.0,0.0
2025-08-07 00:00:00-04:00,872.3900146484375,872.3900146484375,848.75,854.6099853515625,846.03271484375,431800,0.0,0.0
2025-08-08 00:00:00-04:00,859.1900024414062,862.6199951171875,853.1199951171875,858.969970703125,850.3489990234375,273100,0.0,0.0
2025-08-11 00:00:00-04:00,860.1400146484375,870.3800048828125,852.7999877929688,869.7000122070312,860.9713745117188,437000,0.0,0.0
2025-08-12 00:00:00-04:00,875.25,918.719970703125,874.030029296875,916.9500122070312,907.7470703125,695800,0.0,0.0
2025-08-13 00:00:00-04:00,916.0,933.3200073242188,912.1699829101562,932.22998046875,924.6787719726562,437200,1.79,0.0
2025-08-14 00:00:00-04:00,921.6199951171875,929.7100219726562,906.989990234375,921.4500122070312,913.9861450195312,637700,0.0,0.0
2025-08-15 00:00:00-04:00,926.77001953125,928.7899780273438,908.8800048828125,908.8800048828125,901.5180053710938,372700,0.0,0.0
2025-08-18 00:00:00-04:00,910.010009765625,916.0,906.989990234375,914.0399780273438,906.6361083984375,309500,0.0,0.0
2025-08-19 00:00:00-04:00,915.1500244140625,925.8099975585938,910.6599731445312,915.6400146484375,908.22314453125,306000,0.0,0.0
2025-08-20 00:00:00-04:00,910.0,915.5,886.6799926757812,901.8699951171875,894.564697265625,466600,0.0,0.0
2025-08-21 00:00:00-04:00,901.0,901.0,888.030029296875,890.1199951171875,882.909912109375,365800,0.0,0.0
2025-08-22 00:00:00-04:00,896.719970703125,937.4500122070312,890.780029296875,929.9500122070312,922.4172973632812,767800,0.0,0.0
2025-08-25 00:00:00-04:00,929.9500122070312,946.0,927.47998046875,939.489990234375,931.8800048828125,684500,0.0,0.0
2025-08-26 00:00:00-04:00,936.1300048828125,946.969970703125,931.6400146484375,943.7000122070312,936.0559692382812,799500,0.0,0.0
2025-08-27 00:00:00-04:00,939.1300048828125,951.5399780273438,938.0,949.3400268554688,941.6502075195312,276900,0.0,0.0
2025-08-28 00:00:00-04:00,952.969970703125,960.0,947.2100219726562,955.239990234375,947.50244140625,527700,0.0,0.0
2025-08-29 00:00:00-04:00,961.1599731445312,961.1599731445312,947.72998046875,956.3400268554688,948.5935668945312,508100,0.0,0.0
2025-09-02 00:00:00-04:00,943.3699951171875,959.0499877929688,935.02001953125,958.77001953125,951.00390625,468600,0.0,0.0
2025-09-03 00:00:00-04:00,959.0,965.0,941.7899780273438,945.260009765625,937.603271484375,523600,0.0,0.0
2025-09-04 00:00:00-04:00,948.9199829101562,966.6500244140625,947.8699951171875,964.6599731445312,956.8461303710938,405000,0.0,0.0
2025-09-05 00:00:00-04:00,965.8099975585938,980.530029296875,955.3900146484375,975.22998046875,967.3305053710938,440200,0.0,0.0
2025-09-08 00:00:00-04:00,973.4099731445312,974.4500122070312,959.0599975585938,970.22998046875,962.37109375,585100,0.0,0.0
2025-09-09 00:00:00-04:00,965.0,965.4199829101562,934.8400268554688,945.3300170898438,937.6727294921875,424600,0.0,0.0
2025-09-10 00:00:00-04:00,948.5800170898438,958.02001953125,940.9400024414062,944.8099975585938,937.1569213867188,540400,0.0,0.0
2025-09-11 00:00:00-04:00,947.3800048828125,970.5700073242188,947.3800048828125,959.5900268554688,951.8171997070312,450100,0.0,0.0
2025-09-12 00:00:00-04:00,954.7100219726562,957.2899780273438,936.4000244140625,938.0,930.4020385742188,535000,0.0,0.0
2025-09-15 00:00:00-04:00,940.3699951171875,957.75,938.1500244140625,947.9000244140625,940.221923828125,533000,0.0,0.0
2025-09-16 00:00:00-04:00,960.6599731445312,963.8499755859375,941.0,958.6500244140625,950.8848266601562,447300,0.0,0.0
2025-09-17 00:00:00-04:00,961.2100219726562,967.4000244140625,925.6500244140625,931.010009765625,923.4686889648438,760200,0.0,0.0
2025-09-18 00:00:00-04:00,940.9500122070312,956.0800170898438,936.0,942.7899780273438,935.1533203125,634200,0.0,0.0
2025-09-19 00:00:00-04:00,947.1900024414062,947.1900024414062,935.1699829101562,941.52001953125,933.8935546875,1035000,0.0,0.0
2025-09-22 00:00:00-04:00,944.0999755859375,948.0900268554688,934.8200073242188,943.4199829101562,935.7781372070312,509300,0.0,0.0
2025-09-23 00:00:00-04:00,956.010009765625,972.1199951171875,950.010009765625,955.219970703125,947.4825439453125,592100,0.0,0.0
2025-09-24 00:00:00-04:00,957.0,960.0700073242188,934.7999877929688,935.780029296875,928.2000732421875,386600,0.0,0.0
2025-09-25 00:00:00-04:00,919.25,932.4099731445312,913.5900268554688,931.25,923.706787109375,392200,0.0,0.0
2025-09-26 00:00:00-04:00,931.4600219726562,950.47998046875,931.0900268554688,947.27001953125,939.5969848632812,378300,0.0,0.0
2025-09-29 00:00:00-04:00,956.739990234375,956.739990234375,935.97998046875,943.8900146484375,936.2443237304688,381000,0.0,0.0
2025-09-30 00:00:00-04:00,942.3300170898438,957.3599853515625,941.0900268554688,954.6599731445312,946.9271240234375,417900,0.0,0.0
2025-10-01 00:00:00-04:00,967.0,970.1400146484375,959.1300048828125,962.9199829101562,955.1202392578125,395900,0.0,0.0
2025-10-02 00:00:00-04:00,959.25,978.4600219726562,954.5599975585938,978.219970703125,970.2962646484375,385100,0.0,0.0
2025-10-03 00:00:00-04:00,979.5,997.5,979.5,980.7999877929688,972.8554077148438,334700,0.0,0.0
2025-10-06 00:00:00-04:00,979.780029296875,989.0,969.2899780273438,987.3400268554688,979.3424682617188,308600,0.0,0.0
2025-10-07 00:00:00-04:00,988.6699829101562,1003.5700073242188,983.780029296875,988.5900268554688,980.5823974609375,417600,0.0,0.0
2025-10-08 00:00:00-04:00,991.47998046875,1004.9199829101562,985.260009765625,994.3699951171875,986.3154907226562,378900,0.0,0.0
2025-10-09 00:00:00-04:00,995.1599731445312,998.1599731445312,976.0999755859375,980.4299926757812,972.4883422851562,314400,0.0,0.0
2025-10-10 00:00:00-04:00,986.0399780273438,989.0,949.9099731445312,950.030029296875,942.3346557617188,461500,0.0,0.0
2025-10-13 00:00:00-04:00,960.0999755859375,979.3699951171875,960.0999755859375,974.5399780273438,966.6460571289062,286200,0.0,0.0
2025-10-14 00:00:00-04:00,960.8699951171875,1007.969970703125,955.4199829101562,1000.5,992.3958740234375,306100,0.0,0.0
2025-10-15 00:00:00-04:00,1004.780029296875,1021.3599853515625,999.1300048828125,1020.0,1011.7379150390625,447500,0.0,0.0
2025-10-16 00:00:00-04:00,1020.0,1021.469970703125,1002.0399780273438,1005.6500244140625,997.504150390625,572500,0.0,0.0
2025-10-17 00:00:00-04:00,998.8699951171875,1007.3800048828125,975.0,980.3699951171875,972.4288330078125,512400,0.0,0.0
2025-10-20 00:00:00-04:00,986.219970703125,1004.280029296875,981.2000122070312,1000.2899780273438,992.1875610351562,289100,0.0,0.0
2025-10-21 00:00:00-04:00,995.219970703125,1015.6799926757812,991.489990234375,1002.2899780273438,994.1712646484375,328600,0.0,0.0
2025-10-22 00:00:00-04:00,1003.0,1008.22998046875,986.72998046875,991.5,983.46875,563900,0.0,0.0
2025-10-23 00:00:00-04:00,950.010009765625,991.0800170898438,907.6099853515625,914.2999877929688,906.8941040039062,1264300,0.0,0.0
2025-10-24 00:00:00-04:00,924.760009765625,933.0,912.5399780273438,913.3300170898438,905.931884765625,770600,0.0,0.0
2025-10-27 00:00:00-04:00,918.5900268554688,920.4299926757812,885.8800048828125,900.3400268554688,893.0471801757812,797000,0.0,0.0
2025-10-28 00:00:00-04:00,901.4000244140625,902.1199951171875,874.97998046875,875.6699829101562,868.576904296875,873000,0.0,0.0
2025-10-29 00:00:00-04:00,882.239990234375,896.469970703125,867.0399780273438,870.780029296875,863.7265625,656100,0.0,0.0
2025-10-30 00:00:00-04:00,867.72998046875,883.030029296875,858.489990234375,858.9099731445312,851.9526977539062,503700,0.0,0.0
2025-10-31 00:00:00-04:00,857.8200073242188,883.47998046875,850.0,871.1799926757812,864.123291015625,697600,0.0,0.0
2025-11-03 00:00:00-05:00,866.0,868.22998046875,855.0,857.4099731445312,850.46484375,567300,0.0,0.0
2025-11-04 00:00:00-05:00,850.0,859.47998046875,845.6699829101562,852.760009765625,845.8526000976562,468100,0.0,0.0
2025-11-05 00:00:00-05:00,850.3699951171875,855.780029296875,840.6400146484375,844.510009765625,837.6693115234375,495000,0.0,0.0
2025-11-06 00:00:00-05:00,844.75,851.5499877929688,833.760009765625,845.0399780273438,838.195068359375,758400,0.0,0.0
2025-11-07 00:00:00-05:00,836.3800048828125,851.6500244140625,833.4500122070312,848.25,841.3790893554688,376800,0.0,0.0
2025-11-10 00:00:00-05:00,855.780029296875,862.97998046875,843.8300170898438,854.530029296875,847.6082153320312,429900,0.0,0.0
2025-11-11 00:00:00-05:00,852.52001953125,863.6500244140625,847.530029296875,855.010009765625,848.0843505859375,310100,0.0,0.0
2025-11-12 00:00:00-05:00,853.219970703125,866.8599853515625,853.02001953125,860.7100219726562,855.5292358398438,440600,1.79,0.0
2025-11-13 00:00:00-05:00,858.969970703125,866.0,841.8599853515625,843.260009765625,838.184326171875,483400,0.0,0.0
2025-11-14 00:00:00-05:00,842.5,845.0,829.010009765625,834.030029296875,829.0098266601562,396800,0.0,0.0
2025-11-17 00:00:00-05:00,834.030029296875,836.5,798.6699829101562,806.6099853515625,801.7548828125,793700,0.0,0.0
2025-11-18 00:00:00-05:00,806.0399780273438,813.1099853515625,798.9000244140625,800.5,795.681640625,781000,0.0,0.0
2025-11-19 00:00:00-05:00,800.0800170898438,809.469970703125,791.4500122070312,792.27001953125,787.5012817382812,619500,0.0,0.0
2025-11-20 00:00:00-05:00,806.5999755859375,813.9199829101562,769.8800048828125,770.0,765.365234375,893400,0.0,0.0
2025-11-21 00:00:00-05:00,776.47998046875,815.9400024414062,772.5700073242188,800.0,795.1846923828125,1320500,0.0,0.0
2025-11-24 00:00:00-05:00,801.0999755859375,817.8499755859375,798.0999755859375,811.0,806.118408203125,951900,0.0,0.0
2025-11-25 00:00:00-05:00,813.8599853515625,821.6400146484375,805.780029296875,810.0,805.1244506835938,1100100,0.0,0.0
2025-11-26 00:00:00-05:00,814.4199829101562,819.1699829101562,806.5900268554688,814.969970703125,810.0645751953125,787000,0.0,0.0
2025-11-28 00:00:00-05:00,820.0499877929688,823.010009765625,814.1900024414062,815.1799926757812,810.2733154296875,262200,0.0,0.0
2025-12-01 00:00:00-05:00,809.3099975585938,815.6699829101562,802.2999877929688,805.239990234375,800.3931274414062,608300,0.0,0.0
2025-12-02 00:00:00-05:00,810.6599731445312,812.260009765625,798.8800048828125,800.8300170898438,796.0097045898438,512100,0.0,0.0
2025-12-03 00:00:00-05:00,800.5999755859375,816.1199951171875,797.0,813.6599731445312,808.7623901367188,791900,0.0,0.0
2025-12-04 00:00:00-05:00,817.9299926757812,824.2100219726562,802.6099853515625,807.739990234375,802.8780517578125,861600,0.0,0.0
2025-12-05 00:00:00-05:00,810.0,813.9099731445312,794.52001953125,796.9099731445312,792.1132202148438,697500,0.0,0.0
2025-12-08 00:00:00-05:00,794.719970703125,805.8300170898438,782.489990234375,785.0399780273438,780.314697265625,1075700,0.0,0.0
2025-12-09 00:00:00-05:00,784.02001953125,810.5599975585938,784.02001953125,789.9000244140625,785.1455078125,928500,0.0,0.0
2025-12-10 00:00:00-05:00,789.0,816.4199829101562,786.6500244140625,813.5900268554688,808.69287109375,839100,0.0,0.0
2025-12-11 00:00:00-05:00,815.6199951171875,837.1699829101562,810.6799926757812,833.8499755859375,828.8308715820312,756100,0.0,0.0
2025-12-12 00:00:00-05:00,838.1300048828125,852.1500244140625,816.0499877929688,818.3099975585938,813.3844604492188,708400,0.0,0.0
2025-12-15 00:00:00-05:00,820.2000122070312,820.2000122070312,800.2899780273438,810.4400024414062,805.5618286132812,559300,0.0,0.0
2025-12-16 00:00:00-05:00,809.4400024414062,829.6599731445312,801.6199951171875,818.6799926757812,813.752197265625,655500,0.0,0.0
2025-12-17 00:00:00-05:00,822.3800048828125,824.989990234375,784.27001953125,792.5399780273438,787.7695922851562,839400,0.0,0.0
2025-12-18 00:00:00-05:00,806.510009765625,828.260009765625,795.9199829101562,800.530029296875,795.7114868164062,774000,0.0,0.0
2025-12-19 00:00:00-05:00,795.77001953125,812.7100219726562,792.8099975585938,812.4199829101562,807.5298461914062,1223200,0.0,0.0
2025-12-22 00:00:00-05:00,815.0599975585938,821.5800170898438,807.2899780273438,816.72998046875,811.81396484375,487200,0.0,0.0
2025-12-23 00:00:00-05:00,816.6900024414062,821.2999877929688,810.1099853515625,817.8499755859375,812.92724609375,313500,0.0,0.0
2025-12-24 00:00:00-05:00,817.4099731445312,828.0,817.4099731445312,824.77001953125,819.8056030273438,189900,0.0,0.0
2025-12-26 00:00:00-05:00,823.1400146484375,828.010009765625,819.8900146484375,827.9400024414062,822.9564819335938,195600,0.0,0.0
2025-12-29 00:00:00-05:00,825.5399780273438,829.9099731445312,815.9199829101562,819.510009765625,814.5772705078125,300700,0.0,0.0
2025-12-30 00:00:00-05:00,817.5700073242188,824.3800048828125,813.530029296875,817.25,812.3308715820312,226600,0.0,0.0
2025-12-31 00:00:00-05:00,819.9000244140625,819.9000244140625,808.77001953125,809.3200073242188,804.4485473632812,315600,0.0,0.0
2026-01-02 00:00:00-05:00,810.5900268554688,847.1500244140625,810.5900268554688,845.0599975585938,839.9734497070312,536500,0.0,0.0
2026-01-05 00:00:00-05:00,860.0,906.02001953125,858.5,887.010009765625,881.6708984375,1145300,0.0,0.0
2026-01-06 00:00:00-05:00,888.3900146484375,896.010009765625,872.47998046875,892.0999755859375,886.730224609375,777000,0.0,0.0
2026-01-07 00:00:00-05:00,896.219970703125,896.219970703125,872.1199951171875,880.8800048828125,875.5778198242188,543600,0.0,0.0
2026-01-08 00:00:00-05:00,877.3900146484375,925.6500244140625,877.3900146484375,917.8599853515625,912.335205078125,821700,0.0,0.0
2026-01-09 00:00:00-05:00,934.22998046875,949.0399780273438,928.0,938.7899780273438,933.1392822265625,753300,0.0,0.0
2026-01-12 00:00:00-05:00,935.0,952.9000244140625,933.8599853515625,948.489990234375,942.7808227539062,579800,0.0,0.0
2026-01-13 00:00:00-05:00,949.0,955.0,927.0,940.1699829101562,934.5109252929688,610200,0.0,0.0
2026-01-14 00:00:00-05:00,937.0,941.8699951171875,914.0399780273438,917.3400268554688,911.8184204101562,564600,0.0,0.0
2026-01-15 00:00:00-05:00,925.8099975585938,933.3200073242188,920.0,926.5700073242188,920.9927978515625,342500,0.0,0.0
2026-01-16 00:00:00-05:00,925.52001953125,933.010009765625,920.6400146484375,921.239990234375,915.6948852539062,407400,0.0,0.0
2026-01-20 00:00:00-05:00,904.8400268554688,917.4400024414062,896.760009765625,910.5499877929688,905.0692138671875,574400,0.0,0.0
2026-01-21 00:00:00-05:00,920.0,949.260009765625,914.1699829101562,940.0900268554688,934.4314575195312,572900,0.0,0.0
2026-01-22 00:00:00-05:00,949.7899780273438,961.1900024414062,949.3200073242188,956.010009765625,950.255615234375,585900,0.0,0.0
2026-01-23 00:00:00-05:00,946.6799926757812,952.5999755859375,914.6799926757812,919.030029296875,913.4982299804688,574100,0.0,0.0
2026-01-26 00:00:00-05:00,922.0,922.9600219726562,909.739990234375,911.1599731445312,905.675537109375,445700,0.0,0.0
2026-01-27 00:00:00-05:00,905.0,913.489990234375,898.7100219726562,907.4500122070312,901.9879150390625,408300,0.0,0.0
2026-01-28 00:00:00-05:00,911.780029296875,915.489990234375,900.02001953125,903.1900024414062,897.7535400390625,612500,0.0,0.0
2026-01-29 00:00:00-05:00,845.0599975585938,845.0599975585938,757.2999877929688,787.0399780273438,782.3026123046875,2809500,0.0,0.0
2026-01-30 00:00:00-05:00,780.1199951171875,803.2999877929688,775.0,782.0599975585938,777.3526000976562,1038100,0.0,0.0
2026-02-02 00:00:00-05:00,784.3099975585938,796.77001953125,775.6199951171875,778.97998046875,774.2911376953125,1123500,0.0,0.0
2026-02-03 00:00:00-05:00,785.760009765625,798.8699951171875,775.6699829101562,792.75,787.978271484375,954100,0.0,0.0
2026-02-04 00:00:00-05:00,792.75,850.4500122070312,789.0599975585938,848.1300048828125,843.0249633789062,1538200,0.0,0.0
2026-02-05 00:00:00-05:00,831.6500244140625,855.0,826.239990234375,847.77001953125,842.6671142578125,972400,0.0,0.0
2026-02-06 00:00:00-05:00,860.0999755859375,903.5700073242188,857.27001953125,899.5499877929688,894.135498046875,962700,0.0,0.0
2026-02-09 00:00:00-05:00,896.4500122070312,908.1900024414062,874.1699829101562,876.52001953125,871.2440795898438,663300,0.0,0.0
2026-02-10 00:00:00-05:00,884.75,889.469970703125,872.3900146484375,876.5800170898438,871.3037109375,430000,0.0,0.0
2026-02-11 00:00:00-05:00,882.3800048828125,898.239990234375,868.3499755859375,873.8300170898438,870.5266723632812,750600,1.97,0.0
2026-02-12 00:00:00-05:00,878.4199829101562,903.030029296875,868.4099731445312,869.4600219726562,866.1732177734375,630100,0.0,0.0
2026-02-13 00:00:00-05:00,867.260009765625,883.969970703125,858.6900024414062,869.5700073242188,866.2827758789062,587100,0.0,0.0
2026-02-17 00:00:00-05:00,862.52001953125,877.0599975585938,848.3699951171875,863.280029296875,860.0166015625,597500,0.0,0.0
2026-02-18 00:00:00-05:00,863.260009765625,881.52001953125,854.6400146484375,880.1799926757812,876.8526611328125,414200,0.0,0.0
2026-02-19 00:00:00-05:00,873.0,889.7100219726562,865.0,888.97998046875,885.619384765625,448600,0.0,0.0
2026-02-20 00:00:00-05:00,882.9500122070312,909.9199829101562,880.3400268554688,909.1099853515625,905.67333984375,491400,0.0,0.0
2026-02-23 00:00:00-05:00,900.5499877929688,904.6300048828125,877.1599731445312,882.7000122070312,879.3631591796875,543500,0.0,0.0
2026-02-24 00:00:00-05:00,885.0,909.7899780273438,881.5,896.8800048828125,893.4895629882812,450700,0.0,0.0
2026-02-25 00:00:00-05:00,900.75,904.5,852.260009765625,854.4600219726562,851.2299194335938,724900,0.0,0.0
2026-02-26 00:00:00-05:00,863.5700073242188,863.5700073242188,839.219970703125,858.0900268554688,854.8462524414062,437400,0.0,0.0
2026-02-27 00:00:00-05:00,839.219970703125,845.8900146484375,818.760009765625,840.0,836.8245849609375,908700,0.0,0.0
2026-03-02 00:00:00-05:00,822.7999877929688,831.969970703125,796.5499877929688,820.5800170898438,817.47802734375,772200,0.0,0.0
2026-03-03 00:00:00-05:00,797.75,842.8599853515625,792.010009765625,833.469970703125,830.3192138671875,751500,0.0,0.0
2026-03-04 00:00:00-05:00,839.510009765625,852.27001953125,829.5399780273438,851.8800048828125,848.65966796875,514800,0.0,0.0
2026-03-05 00:00:00-05:00,837.530029296875,857.75,835.5,842.9299926757812,839.7434692382812,533500,0.0,0.0
2026-03-06 00:00:00-05:00,820.0,820.1599731445312,802.719970703125,809.5999755859375,806.5394287109375,720600,0.0,0.0
2026-03-09 00:00:00-04:00,798.6300048828125,826.510009765625,784.260009765625,820.6799926757812,817.5775756835938,1007200,0.0,0.0
2026-03-10 00:00:00-04:00,815.4099731445312,820.0700073242188,768.5499877929688,775.7899780273438,772.8572998046875,1026500,0.0,0.0
2026-03-11 00:00:00-04:00,776.1300048828125,785.530029296875,772.8099975585938,780.5700073242188,777.6192626953125,398600,0.0,0.0
2026-03-12 00:00:00-04:00,766.510009765625,771.8300170898438,733.5999755859375,733.8200073242188,731.0460205078125,861400,0.0,0.0
2026-03-13 00:00:00-04:00,738.0,745.1099853515625,727.4000244140625,737.219970703125,734.43310546875,810300,0.0,0.0
2026-03-16 00:00:00-04:00,747.0,754.0900268554688,737.25,743.1300048828125,740.3207397460938,499400,0.0,0.0
2026-03-17 00:00:00-04:00,746.739990234375,755.0,732.5399780273438,745.02001953125,742.20361328125,507400,0.0,0.0
2026-03-18 00:00:00-04:00,738.97998046875,750.0599975585938,724.6699829101562,725.2999877929688,722.5581665039062,431400,0.0,0.0
2026-03-19 00:00:00-04:00,713.8200073242188,729.0,701.5900268554688,719.9500122070312,717.2283935546875,624100,0.0,0.0
2026-03-20 00:00:00-04:00,709.8699951171875,718.8499755859375,702.02001953125,710.469970703125,707.7841796875,706300,0.0,0.0
2026-03-23 00:00:00-04:00,737.280029296875,747.25,727.3599853515625,732.0499877929688,729.2825927734375,570700,0.0,0.0
2026-03-24 00:00:00-04:00,724.530029296875,752.2999877929688,720.0,746.8400268554688,744.0167846679688,495300,0.0,0.0
2026-03-25 00:00:00-04:00,758.4000244140625,761.5999755859375,737.3099975585938,747.5900268554688,744.7639770507812,482100,0.0,0.0
2026-03-26 00:00:00-04:00,739.5599975585938,752.3400268554688,736.0399780273438,742.219970703125,739.4141845703125,422500,0.0,0.0
2026-03-27 00:00:00-04:00,726.5700073242188,747.6300048828125,725.010009765625,734.2999877929688,731.5241088867188,590000,0.0,0.0
2026-03-30 00:00:00-04:00,737.5700073242188,742.6199951171875,712.4400024414062,713.8599853515625,711.1614379882812,513500,0.0,0.0
2026-03-31 00:00:00-04:00,723.6900024414062,739.7899780273438,711.47998046875,728.5599975585938,725.8058471679688,779400,0.0,0.0
2026-04-01 00:00:00-04:00,734.0700073242188,739.1199951171875,724.3099975585938,731.5399780273438,728.7745971679688,583900,0.0,0.0
2026-04-02 00:00:00-04:00,719.4099731445312,740.4000244140625,709.4500122070312,732.0900268554688,729.322509765625,493100,0.0,0.0
2026-04-06 00:00:00-04:00,730.8599853515625,737.3900146484375,727.6599731445312,736.5,733.7158203125,269900,0.0,0.0
2026-04-07 00:00:00-04:00,730.72998046875,737.3099975585938,723.9299926757812,732.739990234375,729.9700317382812,336100,0.0,0.0
2026-04-08 00:00:00-04:00,767.8900146484375,773.4400024414062,747.219970703125,760.6900024414062,757.8143920898438,677900,0.0,0.0
2026-04-09 00:00:00-04:00,758.760009765625,768.0,749.52001953125,767.3599853515625,764.4591674804688,460300,0.0,0.0
2026-04-10 00:00:00-04:00,768.3200073242188,776.3099975585938,760.489990234375,771.9299926757812,769.0119018554688,357700,0.0,0.0
2026-04-13 00:00:00-04:00,767.27001953125,779.530029296875,760.47998046875,779.530029296875,776.5831909179688,423200,0.0,0.0
2026-04-14 00:00:00-04:00,777.8699951171875,782.6199951171875,767.6699829101562,771.010009765625,768.0953979492188,449500,0.0,0.0
2026-04-15 00:00:00-04:00,771.0700073242188,777.9000244140625,756.6900024414062,765.2899780273438,762.39697265625,525700,0.0,0.0
2026-04-16 00:00:00-04:00,771.1500244140625,793.7999877929688,768.010009765625,777.489990234375,774.5509033203125,486200,0.0,0.0
2026-04-17 00:00:00-04:00,790.8800048828125,808.5599975585938,774.8099975585938,796.1500244140625,793.140380859375,601500,0.0,0.0
2026-04-20 00:00:00-04:00,796.489990234375,819.530029296875,796.489990234375,812.27001953125,809.1994018554688,407000,0.0,0.0
2026-04-21 00:00:00-04:00,815.9099731445312,834.97998046875,806.010009765625,806.219970703125,803.1722412109375,428600,0.0,0.0
2026-04-22 00:00:00-04:00,816.2899780273438,820.489990234375,801.260009765625,802.7899780273438,799.7551879882812,585200,0.0,0.0
2026-04-23 00:00:00-04:00,943.010009765625,993.9600219726562,935.0,986.780029296875,983.0497436523438,1635300,0.0,0.0
2026-04-24 00:00:00-04:00,997.989990234375,1001.1199951171875,964.030029296875,974.4099731445312,970.7264404296875,1043600,0.0,0.0
2026-04-27 00:00:00-04:00,974.4000244140625,980.0,954.0999755859375,959.8499755859375,956.221435546875,528900,0.0,0.0
2026-04-28 00:00:00-04:00,962.5499877929688,974.0,955.6400146484375,962.719970703125,959.0806274414062,540600,0.0,0.0
2026-04-29 00:00:00-04:00,968.4299926757812,977.6599731445312,942.8300170898438,952.1300048828125,948.5307006835938,438500,0.0,0.0
2026-04-30 00:00:00-04:00,961.1900024414062,965.3300170898438,945.6599731445312,959.8400268554688,956.2116088867188,816500,0.0,0.0
2026-05-01 00:00:00-04:00,974.239990234375,974.239990234375,943.8699951171875,949.22998046875,945.6416625976562,505700,0.0,0.0
2026-05-04 00:00:00-04:00,951.9199829101562,952.1500244140625,921.02001953125,925.2100219726562,921.7124633789062,453600,0.0,0.0
2026-05-05 00:00:00-04:00,930.3099975585938,945.530029296875,929.1400146484375,933.9500122070312,930.41943359375,564400,0.0,0.0
2026-05-06 00:00:00-04:00,945.0,965.75,940.8300170898438,964.5,960.8538818359375,684400,0.0,0.0
2026-05-07 00:00:00-04:00,966.3900146484375,973.719970703125,934.3099975585938,944.1199951171875,940.5509643554688,478500,0.0,0.0
2026-05-08 00:00:00-04:00,946.2899780273438,948.5,931.510009765625,937.0,933.4578857421875,377200,0.0,0.0
2026-05-11 00:00:00-04:00,938.4000244140625,944.1799926757812,931.4500122070312,938.1500244140625,934.6035766601562,493300,0.0,0.0
2026-05-12 00:00:00-04:00,947.0,967.3599853515625,931.5,955.760009765625,952.14697265625,732100,0.0,0.0
2026-05-13 00:00:00-04:00,949.4299926757812,953.9600219726562,930.77001953125,935.260009765625,933.64892578125,650000,1.97,0.0
2026-05-14 00:00:00-04:00,943.27001953125,976.1900024414062,943.27001953125,972.9600219726562,971.2839965820312,384800,0.0,0.0
2026-05-15 00:00:00-04:00,967.7000122070312,969.010009765625,949.75,961.1500244140625,959.4943237304688,524500,0.0,0.0
2026-05-18 00:00:00-04:00,955.4299926757812,967.5900268554688,939.8200073242188,944.5700073242188,942.94287109375,572500,0.0,0.0
2026-05-19 00:00:00-04:00,942.0700073242188,942.0700073242188,911.1500244140625,927.6199951171875,926.0220336914062,541200,0.0,0.0
2026-05-20 00:00:00-04:00,936.5700073242188,945.4600219726562,921.4000244140625,936.27001953125,934.6571655273438,618300,0.0,0.0
2026-05-21 00:00:00-04:00,927.3099975585938,943.72998046875,916.9199829101562,932.1799926757812,930.5741577148438,303700,0.0,0.0
2026-05-22 00:00:00-04:00,935.9600219726562,947.8099975585938,930.6900024414062,938.6199951171875,937.0031127929688,339300,0.0,0.0
2026-05-26 00:00:00-04:00,942.8400268554688,967.9299926757812,936.2000122070312,962.9199829101562,961.26123046875,354400,0.0,0.0
2026-05-27 00:00:00-04:00,969.72998046875,989.969970703125,965.0,988.239990234375,986.53759765625,478600,0.0,0.0
2026-05-28 00:00:00-04:00,978.8800048828125,994.4500122070312,967.1199951171875,988.4199829101562,986.71728515625,360700,0.0,0.0
2026-05-29 00:00:00-04:00,982.489990234375,1004.8900146484375,977.6500244140625,995.6699829101562,993.954833984375,573500,0.0,0.0
2026-06-01 00:00:00-04:00,987.0800170898438,1001.6599731445312,974.2100219726562,997.8200073242188,996.1011352539062,502400,0.0,0.0
2026-06-02 00:00:00-04:00,998.5900268554688,1015.0,993.47998046875,994.8200073242188,993.1063232421875,321800,0.0,0.0
2026-06-03 00:00:00-04:00,1004.4099731445312,1067.8800048828125,995.8699951171875,1056.5799560546875,1054.7598876953125,860200,0.0,0.0
2026-06-04 00:00:00-04:00,1062.030029296875,1091.22998046875,1050.0999755859375,1084.6199951171875,1082.7515869140625,581400,0.0,0.0
2026-06-05 00:00:00-04:00,1080.0,1082.8699951171875,1053.8499755859375,1067.77001953125,1065.9306640625,560900,0.0,0.0
2026-06-08 00:00:00-04:00,1065.5,1093.969970703125,1062.239990234375,1084.050048828125,1082.1826171875,454100,0.0,0.0
2026-06-09 00:00:00-04:00,1087.949951171875,1106.8800048828125,1070.0,1094.1700439453125,1092.28515625,455400,0.0,0.0
2026-06-10 00:00:00-04:00,1093.77001953125,1097.3900146484375,1054.02001953125,1056.3499755859375,1054.5302734375,575300,0.0,0.0
2026-06-11 00:00:00-04:00,1065.010009765625,1076.0400390625,1045.9200439453125,1068.489990234375,1066.6494140625,720900,0.0,0.0
2026-06-12 00:00:00-04:00,1084.4200439453125,1087.3199462890625,1063.1500244140625,1074.239990234375,1072.3895263671875,450500,0.0,0.0
2026-06-15 00:00:00-04:00,1086.0699462890625,1093.5699462890625,1075.9200439453125,1084.010009765625,1082.1427001953125,671200,0.0,0.0
2026-06-16 00:00:00-04:00,1078.550048828125,1087.219970703125,1065.0699462890625,1069.81005859375,1067.9671630859375,434900,0.0,0.0
2026-06-17 00:00:00-04:00,1070.1300048828125,1080.010009765625,1048.7099609375,1048.969970703125,1047.1629638671875,433300,0.0,0.0
2026-06-18 00:00:00-04:00,1063.5899658203125,1091.9000244140625,1063.5899658203125,1076.81005859375,1074.955078125,846500,0.0,0.0
2026-06-22 00:00:00-04:00,1077.0,1096.6800537109375,1074.9000244140625,1092.6800537109375,1090.7977294921875,444000,0.0,0.0
2026-06-23 00:00:00-04:00,1062.1700439453125,1075.3299560546875,1055.699951171875,1063.1400146484375,1061.30859375,447000,0.0,0.0
2026-06-24 00:00:00-04:00,1073.760009765625,1085.4100341796875,1065.8199462890625,1083.719970703125,1081.8531494140625,503800,0.0,0.0
2026-06-25 00:00:00-04:00,1095.1700439453125,1143.68994140625,1090.6300048828125,1139.510009765625,1137.5469970703125,759600,0.0,0.0
2026-06-26 00:00:00-04:00,1137.1400146484375,1142.739990234375,1114.7099609375,1121.6600341796875,1119.727783203125,959600,0.0,0.0
2026-06-29 00:00:00-04:00,1121.22998046875,1129.25,1111.68994140625,1122.6700439453125,1120.736083984375,350200,0.0,0.0
2026-06-30 00:00:00-04:00,1128.4300537109375,1140.68994140625,1120.010009765625,1132.8900146484375,1130.9384765625,317500,0.0,0.0
2026-07-01 00:00:00-04:00,1128.300048828125,1142.0,1111.0999755859375,1111.760009765625,1109.8448486328125,311800,0.0,0.0
2026-07-02 00:00:00-04:00,1125.5799560546875,1125.5799560546875,1084.9200439453125,1098.5899658203125,1096.697509765625,341500,0.0,0.0
2026-07-06 00:00:00-04:00,1096.469970703125,1105.010009765625,1087.030029296875,1099.6800537109375,1097.7857666015625,292800,0.0,0.0
2026-07-07 00:00:00-04:00,1092.050048828125,1095.0,1042.7099609375,1056.02001953125,1054.200927734375,507200,0.0,0.0
2026-07-08 00:00:00-04:00,1046.239990234375,1075.02001953125,1041.4300537109375,1071.489990234375,1069.6441650390625,418300,0.0,0.0
2026-07-09 00:00:00-04:00,1077.3299560546875,1097.1199951171875,1077.3299560546875,1088.6700439453125,1086.794677734375,350000,0.0,0.0
2026-07-10 00:00:00-04:00,1088.02001953125,1110.6500244140625,1088.02001953125,1095.550048828125,1093.662841796875,278500,0.0,0.0
2026-07-13 00:00:00-04:00,1097.050048828125,1104.8499755859375,1080.8299560546875,1085.3399658203125,1083.4703369140625,277200,0.0,0.0
2026-07-14 00:00:00-04:00,1104.4599609375,1106.0,1061.4200439453125,1065.8299560546875,1063.993896484375,433700,0.0,0.0
2026-07-15 00:00:00-04:00,1066.56005859375,1069.8900146484375,1035.0,1047.280029296875,1045.4759521484375,477000,0.0,0.0
2026-07-16 00:00:00-04:00,1045.0699462890625,1076.5,1042.510009765625,1071.8199462890625,1069.9736328125,344700,0.0,0.0
2026-07-17 00:00:00-04:00,1060.6500244140625,1076.6400146484375,1041.7099609375,1045.2099609375,1043.409423828125,490200,0.0,0.0
2026-07-20 00:00:00-04:00,1057.6700439453125,1057.6700439453125,1010.6300048828125,1012.7100219726562,1010.9655151367188,523000,0.0,0.0
2026-07-21 00:00:00-04:00,1020.969970703125,1023.6099853515625,994.8599853515625,1013.5399780273438,1011.7940063476562,667100,0.0,0.0
2026-07-22 00:00:00-04:00,1017.22998046875,1037.1199951171875,1006.3400268554688,1035.06005859375,1033.2769775390625,694100,0.0,0.0
2026-07-23 00:00:00-04:00,1096.0,1177.6700439453125,1093.1400146484375,1139.7099609375,1137.7467041015625,1204600,0.0,0.0
2026-07-24 00:00:00-04:00,1131.800048828125,1150.06005859375,1124.3599853515625,1141.5899658203125,1139.6234130859375,490600,0.0,0.0
2026-07-27 00:00:00-04:00,1132.010009765625,1138.739990234375,1112.6700439453125,1127.9100341796875,1125.967041015625,474400,0.0,0.0
2026-07-28 00:00:00-04:00,1135.3199462890625,1140.050048828125,1087.239990234375,1091.260009765625,1089.380126953125,677000,0.0,0.0
2026-07-29 00:00:00-04:00,1095.81005859375,1096.31005859375,1055.1099853515625,1055.1099853515625,1053.2923583984375,625000,0.0,0.0
2026-07-30 00:00:00-04:00,1070.93994140625,1082.8699951171875,1052.3199462890625,1068.6300048828125,1066.7891845703125,353100,0.0,0.0
2026-07-31 00:00:00-04:00,1076.4599609375,1089.0,1060.8199462890625,1079.260009765625,1077.40087890625,381100,0.0,0.0
2026-08-03 00:00:00-04:00,1080.1300048828125,1121.8800048828125,1076.0,1115.9200439453125,1113.9976806640625,462000,0.0,0.0
2026-08-04 00:00:00-04:00,1126.989990234375,1151.199951171875,1115.43994140625,1150.1300048828125,1148.1488037109375,597600,0.0,0.0
2026-08-05 00:00:00-04:00,1151.0,1168.9300537109375,1146.280029296875,1162.0400390625,1160.038330078125,374100,0.0,0.0
2026-08-06 00:00:00-04:00,1166.6800537109375,1174.0699462890625,1152.3699951171875,1162.6600341796875,1160.6572265625,472100,0.0,0.0
2026-08-07 00:00:00-04:00,1165.0,1179.1800537109375,1159.1400146484375,1162.8399658203125,1160.8367919921875,355300,0.0,0.0
2026-08-10 00:00:00-04:00,1162.6800537109375,1164.5,1134.4000244140625,1137.52001953125,1135.560546875,510600,0.0,0.0
2026-08-11 00:00:00-04:00,1139.0,1165.0799560546875,1134.8399658203125,1143.5899658203125,1141.6199951171875,289400,0.0,0.0
2026-08-12 00:00:00-04:00,1148.8299560546875,1152.530029296875,1125.5400390625,1129.300048828125,1129.300048828125,367800,1.97,0.0
2026-08-13 00:00:00-04:00,1131.3900146484375,1143.6300048828125,1111.3699951171875,1120.5799560546875,1120.5799560546875,437400,0.0,0.0
2026-08-14 00:00:00-04:00,1123.3599853515625,1161.280029296875,1119.7900390625,1153.8299560546875,1153.8299560546875,491400,0.0,0.0
2026-08-17 00:00:00-04:00,1155.5,1176.43994140625,1150.0,1164.8199462890625,1164.8199462890625,368400,0.0,0.0
2026-08-18 00:00:00-04:00,1153.800048828125,1156.780029296875,1116.3599853515625,1116.3800048828125,1116.3800048828125,395400,0.0,0.0
2026-08-19 00:00:00-04:00,1117.4599609375,1129.989990234375,1105.1099853515625,1117.0400390625,1117.0400390625,388700,0.0,0.0
2026-08-20 00:00:00-04:00,1107.4300537109375,1119.31005859375,1089.510009765625,1095.260009765625,1095.260009765625,543300,0.0,0.0
2026-08-21 00:00:00-04:00,1099.3699951171875,1107.4000244140625,1084.780029296875,1098.510009765625,1098.510009765625,472100,0.0,0.0
2026-08-24 00:00:00-04:00,1100.0,1107.469970703125,1082.239990234375,1083.56005859375,1083.56005859375,401900,0.0,0.0
2026-08-25 00:00:00-04:00,1101.8299560546875,1101.8299560546875,1049.22998046875,1053.1400146484375,1053.1400146484375,441200,0.0,0.0
2026-08-26 00:00:00-04:00,1062.530029296875,1073.93994140625,1050.6600341796875,1057.6600341796875,1057.6600341796875,297000,0.0,0.0
2026-08-27 00:00:00-04:00,1053.3299560546875,1058.719970703125,1036.0400390625,1037.510009765625,1037.510009765625,407200,0.0,0.0
2026-08-28 00:00:00-04:00,1044.6700439453125,1047.989990234375,1014.3200073242188,1030.25,1030.25,547100,0.0,0.0
2026-08-31 00:00:00-04:00,1036.0400390625,1041.489990234375,1017.6400146484375,1038.0,1038.0,443800,0.0,0.0
2026-09-01 00:00:00-04:00,1028.0899658203125,1033.489990234375,988.8800048828125,990.1500244140625,990.1500244140625,461900,0.0,0.0
2026-09-02 00:00:00-04:00,990.510009765625,992.0599975585938,976.6599731445312,979.8200073242188,979.8200073242188,380500,0.0,0.0
2026-09-03 00:00:00-04:00,984.5800170898438,995.0800170898438,967.5800170898438,993.8699951171875,993.8699951171875,322900,0.0,0.0
2026-09-04 00:00:00-04:00,988.5399780273438,1012.3099975585938,988.5399780273438,1009.8599853515625,1009.8599853515625,316100,0.0,0.0
2026-09-08 00:00:00-04:00,1012.2000122070312,1024.6600341796875,1005.8599853515625,1015.1699829101562,1015.1699829101562,559500,0.0,0.0
2026-09-09 00:00:00-04:00,1019.4000244140625,1053.739990234375,1007.52001953125,1028.77001953125,1028.77001953125,502200,0.0,0.0
2026-09-10 00:00:00-04:00,1002.4000244140625,1013.75,979.0999755859375,989.0800170898438,989.0800170898438,449700,0.0,0.0
2026-09-11 00:00:00-04:00,1000.010009765625,1003.239990234375,984.1599731445312,989.1199951171875,989.1199951171875,348000,0.0,0.0
2026-09-14 00:00:00-04:00,979.47998046875,1000.489990234375,968.510009765625,993.7999877929688,993.7999877929688,335100,0.0,0.0
2026-09-15 00:00:00-04:00,993.7100219726562,995.6599731445312,981.2899780273438,989.1300048828125,989.1300048828125,317900,0.0,0.0
2026-09-16 00:00:00-04:00,994.4299926757812,1025.530029296875,987.5,1006.25,1006.25,490000,0.0,0.0
2026-09-17 00:00:00-04:00,1026.27001953125,1026.550048828125,998.510009765625,1002.530029296875,1002.530029296875,571900,0.0,0.0
2026-09-18 00:00:00-04:00,997.52001953125,1015.9600219726562,991.1400146484375,1013.9099731445312,1013.9099731445312,598700,0.0,0.0
2026-09-21 00:00:00-04:00,1021.8599853515625,1033.0,1010.0,1029.9200439453125,1029.9200439453125,370600,0.0,0.0
